E:\DOCUMENTS AND SETTINGS\JPOTAS\MEUS DOCUMENTOS\UFRJ\RSCI-BM 12 WK SERIES\070730-RSCI-BM-09\RSCI-BM-09-LSN\070730-RSCI-BM-09-LSN-0011.ACQ
0.025000 msec/sample
1 channel
Analog input
Volts
CH1	
2000	
-0.444977	
-0.442963	
-0.444244	
-0.425262	
-0.434692	
-0.466919	
-0.432404	
-0.429077	
-0.448914	
-0.45282	
-0.43869	
-0.449799	
-0.445923	
-0.433685	
-0.443115	
-0.428467	
-0.426514	
-0.453491	
-0.434113	
-0.423462	
-0.449829	
-0.446014	
-0.437225	
-0.434601	
-0.427429	
-0.416565	
-0.437469	
-0.435547	
-0.438293	
-0.438202	
-0.446716	
-0.430237	
-0.432343	
-0.440399	
-0.428101	
-0.443909	
-0.437134	
-0.419403	
-0.440155	
-0.442261	
-0.439819	
-0.436127	
-0.443481	
-0.440674	
-0.432495	
-0.439026	
-0.417084	
-0.439758	
-0.440338	
-0.440308	
-0.431915	
-0.443787	
-0.442352	
-0.436615	
-0.446045	
-0.431122	
-0.435272	
-0.444855	
-0.434387	
-0.455658	
-0.462402	
-0.448425	
-0.431305	
-0.439484	
-0.439728	
-0.443085	
-0.459167	
-0.445313	
-0.445038	
-0.442566	
-0.441956	
-0.424866	
-0.446136	
-0.443451	
-0.431427	
-0.44223	
-0.44339	
-0.44693	
-0.45871	
-0.442139	
-0.443237	
-0.457947	
-0.448608	
-0.448486	
-0.436768	
-0.44809	
-0.435577	
-0.454285	
-0.439911	
-0.438934	
-0.446106	
-0.457275	
-0.445496	
-0.444305	
-0.45343	
-0.44223	
-0.451874	
-0.444	
-0.43576	
-0.468018	
-0.451172	
-0.448517	
-0.444489	
-0.446625	
-0.435974	
-0.442047	
-0.452301	
-0.443695	
-0.459564	
-0.442902	
-0.441406	
-0.448547	
-0.461487	
-0.435944	
-0.447479	
-0.458649	
-0.437317	
-0.448975	
-0.445343	
-0.44046	
-0.451569	
-0.447571	
-0.435822	
-0.442291	
-0.452118	
-0.452759	
-0.441895	
-0.445038	
-0.425354	
-0.441132	
-0.449371	
-0.441498	
-0.432526	
-0.449524	
-0.439606	
-0.442657	
-0.44931	
-0.430878	
-0.435425	
-0.455933	
-0.442627	
-0.451935	
-0.447601	
-0.444122	
-0.434418	
-0.445648	
-0.434357	
-0.432007	
-0.457916	
-0.444427	
-0.444305	
-0.437683	
-0.441132	
-0.428955	
-0.450714	
-0.436493	
-0.422241	
-0.447998	
-0.434509	
-0.435211	
-0.446838	
-0.42511	
-0.449066	
-0.461212	
-0.434631	
-0.418274	
-0.432617	
-0.436523	
-0.425568	
-0.447754	
-0.434784	
-0.426239	
-0.43869	
-0.461212	
-0.439972	
-0.439331	
-0.438324	
-0.429596	
-0.431366	
-0.436676	
-0.436035	
-0.449707	
-0.433441	
-0.439514	
-0.447266	
-0.445618	
-0.439178	
-0.43988	
-0.438202	
-0.430969	
-0.452057	
-0.44873	
-0.443085	
-0.436493	
-0.453247	
-0.433716	
-0.44046	
-3.14276	
-7.11545	
-3.93359	
-2.66965	
-2.17728	
-1.97595	
3.15756	
4.05334	
2.18527	
0.782715	
0.256561	
0.0350952	
-0.0892944	
-0.139587	
-0.220581	
-0.254578	
-0.266174	
-0.280334	
-0.299561	
-0.304016	
-0.325867	
-0.346954	
-0.334198	
-0.341888	
-0.361938	
-0.337402	
-0.345154	
-0.341492	
-0.357147	
-0.346741	
-0.340363	
-0.339447	
-0.339783	
-0.33847	
-0.311981	
-0.315948	
-0.305939	
-0.315308	
-0.307587	
-0.329071	
-0.33194	
-0.351624	
-0.386444	
-0.391815	
-0.424072	
-0.440552	
-0.423828	
-0.449432	
-0.485962	
-0.465637	
-0.461639	
-0.482635	
-0.489258	
-0.490906	
-0.51709	
-0.50647	
-0.495514	
-0.504059	
-0.517548	
-0.517761	
-0.527954	
-0.52243	
-0.485016	
-0.481232	
-0.473999	
-0.457275	
-0.464539	
-0.440643	
-0.434845	
-0.43689	
-0.431885	
-0.4263	
-0.409088	
-0.408142	
-0.408539	
-0.428284	
-0.394775	
-0.408813	
-0.410431	
-0.418488	
-0.402466	
-0.41452	
-0.430481	
-0.417572	
-0.428864	
-0.418335	
-0.424194	
-0.435211	
-0.415253	
-0.411652	
-0.419891	
-0.434448	
-0.42569	
-0.425476	
-0.434052	
-0.425629	
-0.443939	
-0.431274	
-0.429047	
-0.416962	
-0.438934	
-0.423218	
-0.422241	
-0.438324	
-0.429291	
-0.430878	
-0.44104	
-0.428558	
-0.439636	
-0.433319	
-0.425201	
-0.423767	
-0.428009	
-0.437164	
-0.434326	
-0.446075	
-0.4198	
-0.429993	
-0.441132	
-0.423889	
-0.411316	
-0.435028	
-0.420441	
-0.421387	
-0.443237	
-0.434448	
-0.431274	
-0.444183	
-0.421783	
-0.435669	
-0.449677	
-0.442078	
-0.42038	
-0.432495	
-0.440033	
-0.4263	
-0.452026	
-0.439178	
-0.434479	
-0.433167	
-0.439514	
-0.432587	
-0.450165	
-0.444763	
-0.413788	
-0.450043	
-0.439972	
-0.431946	
-0.443878	
-0.442902	
-0.438293	
-0.441071	
-0.447723	
-0.450012	
-0.448334	
-0.445953	
-0.440399	
-0.4646	
-0.449707	
-0.441467	
-0.447937	
-0.450745	
-0.433289	
-0.46817	
-0.464478	
-0.440216	
-0.45224	
-0.458069	
-0.443665	
-0.453339	
-0.437317	
-0.432587	
-0.449402	
-0.454041	
-0.442413	
-0.445953	
-0.456543	
-0.442444	
-0.451355	
-0.452393	
-0.445892	
-0.433624	
-0.4422	
-0.431793	
-0.436981	
-0.471466	
-0.448853	
-0.451965	
-0.452057	
-0.438263	
-0.449982	
-0.438049	
-0.439362	
-0.436859	
-0.43988	
-0.452789	
-0.447754	
-0.460754	
-0.435883	
-0.439941	
-0.43634	
-0.437225	
-0.419434	
-0.446716	
-0.442566	
-0.436035	
-0.455597	
-0.439362	
-0.429718	
-0.442108	
-0.427612	
-0.43985	
-0.448029	
-0.450165	
-0.431793	
-0.437592	
-0.43515	
-0.42569	
-0.446228	
-0.44101	
-0.437134	
-0.44342	
-0.4552	
-0.439758	
-0.450134	
-0.448273	
-0.411621	
-0.436554	
-0.439423	
-0.427551	
-0.44043	
-0.439606	
-0.440796	
-0.450256	
-0.429688	
-0.443359	
-0.432739	
-0.435272	
-0.429474	
-0.454559	
-0.427948	
-0.415863	
-0.436157	
-0.458618	
-0.438019	
-0.444305	
-0.442688	
-0.424774	
-0.433746	
-0.43811	
-0.434814	
-0.446411	
-0.430023	
-0.431946	
-0.441132	
-0.453461	
-0.432037	
-0.428314	
-0.442261	
-0.429352	
-0.44696	
-0.437439	
-0.437347	
-0.430237	
-0.447418	
-0.422272	
-0.427856	
-0.454224	
-0.440125	
-0.439606	
-0.438477	
-0.433502	
-0.460175	
-0.437195	
-0.414459	
-0.427521	
-0.447968	
-0.449951	
-0.440857	
-0.445007	
-0.43222	
-0.447388	
-0.44043	
-0.43512	
-0.420197	
-0.443481	
-0.437683	
-0.432495	
-0.455688	
-0.452911	
-0.447479	
-0.452148	
-0.434265	
-0.451965	
-0.445099	
-0.442749	
-0.432129	
-0.450012	
-0.457397	
-0.447144	
-0.46344	
-0.437256	
-0.446838	
-0.453278	
-0.451019	
-0.447235	
-0.455444	
-0.450378	
-0.42038	
-0.456116	
-0.452698	
-0.43924	
-0.456543	
-0.433807	
-0.439178	
-0.448578	
-0.447968	
-0.446777	
-0.434509	
-0.442352	
-0.444244	
-0.458893	
-0.434814	
-0.435211	
-0.443848	
-0.457825	
-0.434784	
-0.447723	
-0.449219	
-0.443085	
-0.449768	
-0.444885	
-0.436615	
-0.436401	
-0.43103	
-0.436127	
-0.445404	
-0.456207	
-0.439911	
-0.447235	
-0.444489	
-0.42627	
-0.440094	
-0.428986	
-0.427704	
-0.443176	
-0.443634	
-0.429657	
-0.44339	
-0.456696	
-0.443939	
-0.442993	
-0.442627	
-0.423401	
-0.451935	
-0.441101	
-0.416412	
-0.440887	
-0.442993	
-0.447052	
-0.426208	
-0.436615	
-0.421082	
-0.441498	
-0.441742	
-0.439392	
-0.414001	
-0.436249	
-0.435486	
-0.43515	
-0.446167	
-0.436707	
-0.434723	
-0.43631	
-0.433502	
-0.446472	
-0.433899	
-0.441193	
-0.425079	
-0.43927	
-0.43045	
-0.432312	
-0.454865	
-0.424194	
-0.442169	
-0.443115	
-0.442474	
-0.436157	
-0.451752	
-0.43866	
-0.418335	
-0.440979	
-0.434235	
-0.438385	
-0.445313	
-0.427917	
-0.44577	
-0.465332	
-0.448639	
-0.449219	
-0.43924	
-0.438782	
-0.445984	
-0.457062	
-0.438232	
-0.430847	
-0.440216	
-0.45816	
-0.452789	
-0.449707	
-0.440948	
-0.433533	
-0.452118	
-0.446381	
-0.432831	
-0.444519	
-0.443176	
-0.454773	
-0.451813	
-0.456238	
-0.461151	
-0.444641	
-0.444489	
-0.426514	
-0.4599	
-0.435974	
-0.438843	
-0.441895	
-0.456085	
-0.455048	
-0.459869	
-0.468414	
-0.441467	
-0.440613	
-0.445557	
-0.439178	
-0.462189	
-0.4422	
-0.442657	
-0.455017	
-0.460815	
-0.455231	
-0.44455	
-0.441528	
-0.442627	
-0.450439	
-0.440735	
-0.448547	
-0.438354	
-0.458893	
-0.440125	
-0.452972	
-0.470673	
-0.438141	
-0.45047	
-0.46109	
-0.446686	
-0.451935	
-0.456726	
-0.442474	
-0.433105	
-0.447601	
-0.448975	
-0.443146	
-0.464691	
-0.442352	
-0.446777	
-0.450653	
-0.45459	
-0.436218	
-0.445587	
-0.436859	
-0.436798	
-0.449799	
-0.438995	
-0.426941	
-0.46051	
-0.438446	
-0.448456	
-0.457214	
-0.446838	
-0.446045	
-0.446869	
-0.44339	
-0.444916	
-0.458405	
-0.434631	
-0.438751	
-0.449432	
-0.4534	
-0.449463	
-0.45575	
-0.452454	
-0.41925	
-0.455292	
-0.427551	
-0.419586	
-0.438385	
-0.440399	
-0.442932	
-0.447388	
-0.456177	
-0.446533	
-0.445099	
-0.446655	
-0.431244	
-0.451752	
-0.433441	
-0.436615	
-0.434052	
-0.455872	
-0.444519	
-0.454132	
-0.453735	
-0.438599	
-0.429016	
-0.443787	
-0.437592	
-0.461029	
-0.446259	
-0.439758	
-0.449371	
-0.451996	
-0.44574	
-0.43985	
-0.443909	
-0.438965	
-0.444336	
-0.442108	
-0.442902	
-0.438354	
-0.441071	
-0.446503	
-0.440491	
-0.469666	
-0.451294	
-0.449371	
-0.45166	
-0.44693	
-0.457306	
-0.446564	
-0.439545	
-0.436371	
-0.439728	
-0.452026	
-0.432526	
-0.462402	
-0.447571	
-0.457886	
-0.444122	
-0.456451	
-0.436157	
-0.450653	
-0.437531	
-0.434753	
-0.455048	
-0.461365	
-0.443542	
-0.447815	
-0.437012	
-0.448334	
-0.449127	
-0.45343	
-0.43338	
-0.455688	
-0.453369	
-0.454254	
-0.455566	
-0.452606	
-0.444366	
-0.453613	
-0.45932	
-0.456421	
-0.458862	
-0.45816	
-0.429535	
-0.452698	
-0.45163	
-0.449799	
-0.443085	
-0.437012	
-0.445862	
-0.46283	
-0.447052	
-0.461487	
-0.448212	
-0.462585	
-0.430389	
-0.46347	
-0.440216	
-0.43985	
-0.430267	
-0.454102	
-0.44632	
-0.462494	
-0.456573	
-0.444336	
-0.444855	
-0.455566	
-0.436676	
-0.449066	
-0.433044	
-0.447235	
-0.441772	
-0.463928	
-0.443787	
-0.445892	
-0.448395	
-0.428192	
-0.441589	
-0.449493	
-0.442963	
-0.42334	
-0.43219	
-0.439514	
-0.439758	
-0.471649	
-0.432007	
-0.440063	
-0.444916	
-0.435425	
-0.43866	
-0.429016	
-0.430328	
-0.437439	
-0.43158	
-0.441925	
-0.429901	
-0.450317	
-0.427277	
-0.436157	
-0.431427	
-0.453369	
-0.432343	
-0.438965	
-0.415039	
-0.431763	
-0.438202	
-0.438202	
-0.421692	
-0.446381	
-0.429199	
-0.440918	
-0.43924	
-0.436035	
-0.419006	
-0.44754	
-0.449615	
-0.436462	
-0.433105	
-0.44104	
-0.441895	
-0.44931	
-0.451843	
-0.444153	
-0.437134	
-0.449097	
-0.42511	
-0.451691	
-0.432465	
-0.42276	
-0.431458	
-0.429657	
-0.445557	
-0.461304	
-0.449341	
-0.449982	
-0.430786	
-0.446808	
-0.424164	
-0.454102	
-0.436279	
-0.440216	
-0.444458	
-0.461761	
-0.437134	
-0.454193	
-0.439301	
-0.43634	
-0.446259	
-0.452972	
-0.442474	
-0.453522	
-0.443146	
-0.443848	
-0.441803	
-0.454681	
-0.437592	
-0.446106	
-0.435394	
-0.441406	
-0.457092	
-0.451874	
-0.441772	
-0.436707	
-0.445221	
-0.438385	
-0.44455	
-0.470154	
-0.441528	
-0.442017	
-0.454498	
-0.449341	
-0.454468	
-0.446167	
-0.442535	
-0.447784	
-0.436249	
-0.456726	
-0.434143	
-0.45462	
-0.436554	
-0.460785	
-0.445099	
-0.452423	
-0.433929	
-0.442902	
-0.438354	
-0.434906	
-0.452393	
-0.444122	
-0.428528	
-0.4487	
-0.450409	
-0.456696	
-0.431702	
-0.444977	
-0.431854	
-0.445251	
-0.446411	
-0.447815	
-0.447296	
-0.436523	
-0.457184	
-0.44693	
-0.45575	
-0.442596	
-0.439972	
-0.439728	
-0.421539	
-0.448547	
-0.441345	
-0.436523	
-0.434998	
-0.434967	
-0.444672	
-0.459503	
-0.433807	
-0.441864	
-0.435547	
-0.446198	
-0.438507	
-0.457336	
-0.442535	
-0.442688	
-0.442657	
-0.442383	
-0.434692	
-0.446259	
-0.44281	
-0.428619	
-0.442261	
-0.461823	
-0.437164	
-0.441498	
-0.437897	
-0.446014	
-0.436188	
-0.438873	
-0.434753	
-0.434967	
-0.441711	
-0.436401	
-0.454712	
-0.428955	
-0.426208	
-0.428955	
-0.435547	
-0.432983	
-0.445923	
-0.460144	
-0.430756	
-0.439178	
-0.449127	
-0.444366	
-0.451874	
-0.433594	
-0.42514	
-0.429047	
-0.438019	
-0.43335	
-0.432098	
-0.451782	
-0.433105	
-0.444244	
-0.442474	
-0.447479	
-0.424957	
-0.445923	
-0.430023	
-0.434845	
-0.460083	
-0.444122	
-0.433228	
-0.448456	
-0.444611	
-0.447418	
-0.447418	
-0.429474	
-0.426666	
-0.453094	
-0.445801	
-0.436462	
-0.456207	
-0.448517	
-0.445282	
-0.443726	
-0.447784	
-0.443298	
-0.441986	
-0.434845	
-0.422058	
-0.45285	
-0.456177	
-0.446106	
-0.453064	
-0.430023	
-0.448547	
-0.453522	
-0.449677	
-0.448547	
-0.450226	
-0.460663	
-0.429718	
-0.464905	
-0.454926	
-0.445953	
-0.446747	
-0.463867	
-0.441193	
-0.442352	
-0.457001	
-0.43927	
-0.459961	
-0.45816	
-0.448853	
-0.449158	
-0.440582	
-0.44928	
-0.454712	
-0.444885	
-0.441833	
-0.449249	
-0.453461	
-0.445557	
-0.450439	
-0.442413	
-0.433533	
-0.427307	
-0.449249	
-0.444366	
-0.448792	
-0.455902	
-0.444366	
-0.437531	
-0.449707	
-0.447266	
-0.452698	
-0.437531	
-0.437927	
-0.438904	
-0.440948	
-0.445679	
-0.432678	
-0.44928	
-0.436737	
-0.444427	
-0.450256	
-0.439209	
-0.421814	
-0.438416	
-0.432861	
-0.434448	
-0.458008	
-0.436676	
-0.428619	
-0.450378	
-0.439178	
-0.435425	
-0.434814	
-0.435547	
-0.443604	
-0.445953	
-0.430725	
-0.425415	
-0.447052	
-0.432983	
-0.441315	
-0.434937	
-0.448273	
-0.436127	
-0.441589	
-0.43103	
-0.421844	
-0.447632	
-0.438354	
-0.431824	
-0.43045	
-0.425812	
-0.444427	
-0.442505	
-0.44162	
-0.426727	
-0.434143	
-0.444092	
-0.434692	
-0.44046	
-0.428192	
-0.435608	
-0.434387	
-0.450226	
-0.438171	
-0.446045	
-0.444702	
-0.423157	
-0.44043	
-0.450806	
-0.441528	
-0.443481	
-0.432281	
-0.444489	
-0.452545	
-0.447388	
-0.452972	
-0.43161	
-0.445679	
-0.435944	
-0.437469	
-0.428436	
-0.437592	
-0.430969	
-0.436279	
-0.43985	
-0.451691	
-0.463379	
-0.438293	
-0.43042	
-0.44516	
-0.444763	
-0.45163	
-0.435608	
-0.445679	
-0.449188	
-0.457336	
-0.433014	
-0.431702	
-0.463379	
-0.442993	
-0.458282	
-0.450928	
-0.44873	
-0.437347	
-0.458038	
-0.43985	
-0.43869	
-0.466797	
-0.444244	
-0.434967	
-0.456543	
-0.464844	
-0.461029	
-0.436768	
-0.429138	
-0.443756	
-0.447205	
-0.447968	
-0.451447	
-0.454865	
-0.43219	
-0.445068	
-0.456726	
-0.463348	
-0.446075	
-0.44809	
-0.43161	
-0.43338	
-0.444763	
-0.454102	
-0.439545	
-0.435883	
-0.433685	
-0.454834	
-0.451172	
-0.437592	
-0.435547	
-0.441132	
-0.451324	
-0.437988	
-0.452057	
-0.443573	
-0.450348	
-0.442871	
-0.44812	
-0.443695	
-0.438385	
-0.437195	
-0.430725	
-0.445068	
-0.45813	
-0.444641	
-0.438782	
-0.428406	
-0.442596	
-0.444244	
-0.45224	
-0.444672	
-0.432343	
-0.439484	
-0.433594	
-0.451813	
-0.437836	
-0.441681	
-0.422028	
-0.438812	
-0.441193	
-0.449402	
-0.450104	
-0.435028	
-0.439392	
-0.438019	
-0.436768	
-0.447296	
-0.437531	
-0.429932	
-0.436035	
-0.452332	
-0.436432	
-0.428864	
-0.442444	
-0.432037	
-0.440216	
-0.440643	
-0.431458	
-0.416229	
-0.442078	
-0.438934	
-0.43985	
-0.45462	
-0.438995	
-0.425201	
-0.437683	
-0.446106	
-0.455231	
-0.430756	
-0.418793	
-0.4263	
-0.436859	
-0.449707	
-0.440826	
-0.451904	
-0.422272	
-0.435852	
-0.4375	
-0.448181	
-0.44162	
-0.440674	
-0.433777	
-0.432709	
-0.461548	
-0.442291	
-0.434784	
-0.431854	
-0.424377	
-0.445404	
-0.442627	
-0.434235	
-0.428589	
-0.437256	
-0.447327	
-0.435272	
-0.451233	
-0.433105	
-0.445557	
-0.455505	
-0.459839	
-0.43924	
-0.449432	
-0.433746	
-0.424988	
-0.446686	
-0.446411	
-0.443329	
-0.444	
-0.431488	
-0.443939	
-0.46228	
-0.461945	
-0.45282	
-0.441711	
-0.446289	
-0.439209	
-0.447449	
-0.441956	
-0.439911	
-0.437378	
-0.446869	
-0.457977	
-0.464081	
-0.447998	
-0.43158	
-0.439514	
-0.449707	
-0.448853	
-0.462799	
-0.433868	
-0.438538	
-0.459473	
-0.457397	
-0.445923	
-0.434692	
-0.447235	
-0.432709	
-0.453156	
-0.445099	
-0.439636	
-0.432922	
-0.450104	
-0.440857	
-0.44342	
-0.470673	
-0.437561	
-0.432495	
-0.445435	
-0.445313	
-0.455963	
-0.437408	
-0.425934	
-0.421387	
-0.442902	
-0.439087	
-0.441284	
-0.453796	
-0.424408	
-0.437286	
-0.439117	
-0.452972	
-0.432465	
-0.437408	
-0.438019	
-0.44455	
-0.454315	
-0.422729	
-0.428192	
-0.436066	
-0.424377	
-0.435791	
-0.433777	
-0.426941	
-0.44693	
-0.43512	
-0.429138	
-0.425598	
-0.444672	
-0.427002	
-0.425873	
-0.429443	
-0.440552	
-0.443512	
-0.444672	
-0.433167	
-0.422394	
-0.437042	
-0.440155	
-0.425323	
-0.430847	
-0.420135	
-0.442657	
-0.444397	
-0.446838	
-0.444397	
-0.433838	
-0.437286	
-0.430603	
-0.443146	
-0.425446	
-0.434967	
-0.435333	
-0.437561	
-0.441467	
-0.447327	
-0.447998	
-0.428253	
-0.442993	
-0.444458	
-0.439606	
-0.439941	
-0.435272	
-0.451569	
-0.456818	
-0.442383	
-0.443237	
-0.434601	
-0.444977	
-0.442291	
-0.439423	
-0.426697	
-0.449158	
-0.436188	
-0.442535	
-0.438904	
-0.452759	
-0.460724	
-0.440125	
-0.427734	
-0.44043	
-0.447571	
-0.452393	
-0.445313	
-0.443909	
-0.4375	
-0.449219	
-0.450378	
-0.437683	
-0.447662	
-0.436554	
-0.446838	
-0.448608	
-0.453552	
-0.442047	
-0.439941	
-0.437195	
-0.440125	
-0.461151	
-0.4422	
-0.429535	
-0.435333	
-0.437286	
-0.460114	
-0.447357	
-0.434235	
-0.434265	
-0.443176	
-0.45459	
-0.433899	
-0.452515	
-0.434631	
-0.446564	
-0.428894	
-0.455566	
-0.457703	
-0.451355	
-0.440857	
-0.425629	
-0.446503	
-0.449219	
-0.441803	
-0.447906	
-0.435883	
-0.445618	
-0.445343	
-0.457367	
-0.442505	
-0.43631	
-0.44223	
-0.427979	
-0.445587	
-0.442047	
-0.43869	
-0.443359	
-0.456146	
-0.446442	
-0.446777	
-0.442017	
-0.427399	
-0.445374	
-0.450745	
-0.438904	
-0.447937	
-0.437622	
-0.443512	
-0.453491	
-0.449615	
-0.444763	
-0.434723	
-0.448029	
-0.428406	
-0.447632	
-0.435638	
-0.437256	
-0.427948	
-0.432495	
-0.432312	
-0.452606	
-0.458313	
-0.433624	
-0.429871	
-0.447083	
-0.438812	
-0.442291	
-0.423187	
-0.434448	
-0.437195	
-0.445251	
-0.440125	
-0.435242	
-0.438873	
-0.428101	
-0.44696	
-0.44577	
-0.444183	
-0.431	
-0.438721	
-0.4216	
-0.433411	
-0.449188	
-0.43457	
-0.435547	
-0.435547	
-0.438629	
-0.450745	
-0.436554	
-0.423462	
-0.426422	
-0.436157	
-0.445404	
-0.435547	
-0.444641	
-0.433716	
-0.443542	
-0.432831	
-0.443268	
-0.438629	
-0.448364	
-0.44104	
-0.434326	
-0.441193	
-0.452148	
-0.44043	
-0.430511	
-0.425385	
-0.454529	
-0.443085	
-0.445953	
-0.451752	
-0.432068	
-0.441559	
-0.438934	
-0.447174	
-0.44043	
-0.454651	
-0.440918	
-0.449402	
-0.443237	
-0.448608	
-0.454651	
-0.43985	
-0.439911	
-0.446503	
-0.445923	
-0.446655	
-0.433258	
-0.458862	
-0.456726	
-0.465179	
-0.458435	
-0.442719	
-0.449402	
-0.436951	
-0.451538	
-0.445801	
-0.455566	
-0.436798	
-0.440826	
-0.442078	
-0.455231	
-0.481354	
-0.442139	
-0.43219	
-0.444366	
-0.449982	
-0.452209	
-0.451538	
-0.460876	
-0.455597	
-0.447876	
-0.448608	
-0.446289	
-0.446625	
-0.441162	
-0.454193	
-0.443024	
-0.448273	
-0.445221	
-0.457153	
-0.43512	
-0.442963	
-0.453644	
-0.445343	
-0.440308	
-0.446259	
-0.439301	
-0.462189	
-0.446381	
-0.42511	
-0.431396	
-0.432434	
-0.446259	
-0.447449	
-0.457611	
-0.418304	
-0.437683	
-0.438263	
-0.452728	
-0.45575	
-0.430328	
-0.42691	
-0.420349	
-0.45694	
-0.449127	
-0.442322	
-0.431091	
-0.430817	
-0.445587	
-0.434784	
-0.439545	
-0.446503	
-0.441132	
-0.437744	
-0.442688	
-0.451569	
-0.427063	
-0.443298	
-0.428925	
-0.452881	
-0.440125	
-0.44339	
-0.420502	
-0.420593	
-0.438324	
-0.443359	
-0.450531	
-0.438385	
-0.422424	
-0.43103	
-0.445282	
-0.452332	
-0.446198	
-0.43866	
-0.432526	
-0.423828	
-0.441406	
-0.443848	
-0.440918	
-0.431061	
-0.435028	
-0.440002	
-0.448029	
-0.46344	
-0.428741	
-0.421448	
-0.443787	
-0.451935	
-0.453827	
-0.439697	
-0.445862	
-0.441803	
-0.446747	
-0.449677	
-0.433228	
-0.444916	
-0.434143	
-0.451569	
-0.439453	
-0.452606	
-0.442963	
-0.450165	
-0.432922	
-0.436798	
-0.45932	
-0.444061	
-0.443726	
-0.449432	
-0.445984	
-0.464539	
-0.436523	
-0.42746	
-0.432312	
-0.445038	
-0.449554	
-0.449768	
-0.464661	
-0.440674	
-0.450256	
-0.445251	
-0.443512	
-0.453522	
-0.459503	
-0.44165	
-0.427765	
-0.462494	
-0.455933	
-0.446655	
-0.455475	
-0.456573	
-0.441742	
-0.439667	
-0.438385	
-0.451569	
-0.440887	
-0.466064	
-0.44931	
-0.44754	
-0.441711	
-0.452881	
-0.439484	
-0.452393	
-0.443176	
-0.445862	
-0.428284	
-0.441559	
-0.449982	
-0.454987	
-0.446686	
-0.451599	
-0.433777	
-0.445496	
-0.442352	
-0.452454	
-0.437347	
-0.430695	
-0.450378	
-0.44281	
-0.445709	
-0.442566	
-0.443909	
-0.431152	
-0.436371	
-0.444397	
-0.441254	
-0.459412	
-0.428497	
-0.429047	
-0.443329	
-0.451874	
-0.444855	
-0.43866	
-0.445618	
-0.442047	
-0.437958	
-0.43808	
-0.433929	
-0.451233	
-0.441742	
-0.449249	
-0.43631	
-0.453339	
-0.426239	
-0.43927	
-0.431641	
-0.457703	
-0.460693	
-0.436279	
-0.429779	
-0.437042	
-0.444092	
-0.458618	
-0.434235	
-0.431122	
-0.4216	
-0.425568	
-0.443359	
-0.447144	
-0.458008	
-0.432617	
-0.437134	
-0.434601	
-0.440613	
-0.449097	
-0.434174	
-0.420715	
-0.410675	
-0.44986	
-0.451385	
-0.443085	
-0.44223	
-0.433411	
-0.447418	
-0.432587	
-0.421234	
-0.437164	
-0.435181	
-0.449005	
-0.424652	
-0.445129	
-0.426575	
-0.440826	
-0.430237	
-0.452423	
-0.429138	
-0.441406	
-0.440308	
-0.423584	
-0.438446	
-0.447296	
-0.438416	
-0.446411	
-0.436829	
-0.443115	
-0.438873	
-0.456818	
-0.440826	
-0.429657	
-0.433472	
-0.435974	
-0.448456	
-0.443939	
-0.445221	
-0.43396	
-0.433838	
-0.443634	
-0.453033	
-0.444733	
-0.436554	
-0.445007	
-0.452423	
-0.44809	
-0.443298	
-0.429962	
-0.445618	
-0.464966	
-0.451019	
-0.448639	
-0.446747	
-0.460693	
-0.432251	
-0.454041	
-0.454956	
-0.46347	
-0.439056	
-0.450378	
-0.444824	
-0.455811	
-0.469391	
-0.457397	
-0.441833	
-0.440369	
-0.445923	
-0.455658	
-0.430786	
-0.443787	
-0.435089	
-0.450317	
-0.455048	
-0.445038	
-0.449921	
-0.437866	
-0.453125	
-0.434082	
-0.442261	
-0.441223	
-0.439941	
-0.448181	
-0.43335	
-0.454071	
-0.447662	
-0.434998	
-0.430237	
-0.44989	
-0.456757	
-0.436829	
-0.429626	
-0.434845	
-0.431122	
-0.444855	
-0.43219	
-0.438873	
-0.430145	
-0.43866	
-0.426697	
-0.451996	
-0.435516	
-0.434387	
-0.426605	
-0.429321	
-0.433197	
-0.444946	
-0.43512	
-0.443146	
-0.437683	
-0.447723	
-0.439392	
-0.450317	
-0.436493	
-0.423492	
-0.439819	
-0.425415	
-0.438507	
-0.439423	
-0.436188	
-0.425964	
-0.422333	
-0.440765	
-0.437836	
-0.441742	
-0.430084	
-0.434265	
-0.432159	
-0.427765	
-0.438843	
-0.430023	
-0.444946	
-0.444824	
-0.435669	
-0.433563	
-0.4328	
-0.455627	
-0.438538	
-0.438721	
-0.425385	
-0.45282	
-0.432556	
-0.434845	
-0.43631	
-0.4599	
-0.45874	
-0.43396	
-0.443207	
-0.432404	
-0.440552	
-0.454285	
-0.44342	
-0.441681	
-0.438477	
-0.438782	
-0.44281	
-0.441071	
-0.455383	
-0.446381	
-0.445953	
-0.429474	
-0.436646	
-0.443481	
-0.438812	
-0.427338	
-0.436218	
-0.457825	
-0.456177	
-0.437317	
-0.442535	
-0.448181	
-0.457092	
-0.442871	
-0.430237	
-0.442719	
-0.438293	
-0.449097	
-0.435181	
-0.450287	
-0.438049	
-0.443237	
-0.428314	
-0.444855	
-0.444855	
-0.44281	
-0.434265	
-0.429932	
-0.455872	
-0.455505	
-0.460327	
-0.450073	
-0.431152	
-0.449005	
-0.439941	
-0.450684	
-0.451691	
-0.44809	
-0.440552	
-0.429535	
-0.454285	
-0.440582	
-0.457916	
-0.447388	
-0.444031	
-0.43219	
-0.444275	
-0.442474	
-0.431	
-0.44751	
-0.455505	
-0.449432	
-0.438873	
-0.436951	
-0.445892	
-0.441376	
-0.444763	
-0.446777	
-0.439789	
-0.450439	
-0.444122	
-0.448639	
-0.445129	
-0.444092	
-0.43219	
	
