E:\DOCUMENTS AND SETTINGS\JPOTAS\MEUS DOCUMENTOS\UFRJ\RSCI-BM 12 WK SERIES\070731-RSCI-BM-12\RSCI-BM-12-LSN\070731-RSCI-BM-12-LSN-0010.ACQ
0.025000 msec/sample
1 channel
Analog input
Volts
CH1	
2000	
-0.402405	
-0.404175	
-0.40979	
-0.413666	
-0.416534	
-0.423981	
-0.420776	
-0.409912	
-0.404663	
-0.407867	
-0.412476	
-0.407745	
-0.414276	
-0.421814	
-0.403687	
-0.41449	
-0.421112	
-0.41629	
-0.410461	
-0.39743	
-0.407806	
-0.411285	
-0.405518	
-0.42337	
-0.424103	
-0.403259	
-0.403046	
-0.406494	
-0.414825	
-0.420685	
-0.420227	
-0.419067	
-0.413147	
-0.409851	
-0.422333	
-0.422485	
-0.418121	
-0.414154	
-0.415985	
-0.404327	
-0.417969	
-0.426147	
-0.404816	
-0.403381	
-0.427399	
-0.41925	
-0.420654	
-0.418915	
-0.412415	
-0.407288	
-0.407654	
-0.411346	
-0.422485	
-0.419037	
-0.419342	
-0.417389	
-0.414459	
-0.417694	
-0.424133	
-0.432953	
-0.414459	
-0.410004	
-0.423462	
-0.418671	
-0.406799	
-0.410492	
-0.419952	
-0.408051	
-0.414307	
-0.422485	
-0.4216	
-0.417053	
-0.408875	
-0.41684	
-0.416107	
-0.407654	
-0.423431	
-0.4198	
-0.414398	
-0.404053	
-0.411469	
-0.425232	
-0.419342	
-0.421936	
-0.415283	
-0.401489	
-0.41095	
-0.423004	
-0.418091	
-0.41275	
-0.412537	
-0.422028	
-0.429504	
-0.412628	
-0.406372	
-0.427582	
-0.419617	
-0.40863	
-0.407654	
-0.424286	
-0.40683	
-0.418549	
-0.430817	
-0.42392	
-0.41745	
-0.42804	
-0.413544	
-0.408936	
-0.416656	
-0.426239	
-0.411896	
-0.416779	
-0.421021	
-0.422791	
-0.417419	
-0.412537	
-0.416199	
-0.409637	
-0.408997	
-0.420013	
-0.417389	
-0.418762	
-0.411255	
-0.419098	
-0.411621	
-0.408142	
-0.420319	
-0.425293	
-0.41037	
-0.42923	
-0.420502	
-0.410126	
-0.412903	
-0.415863	
-0.420074	
-0.423401	
-0.416626	
-0.429535	
-0.416595	
-0.418915	
-0.424561	
-0.428162	
-0.413391	
-0.412445	
-0.421326	
-0.415039	
-0.409882	
-0.424866	
-0.424347	
-0.417175	
-0.42041	
-0.421631	
-0.420959	
-0.422943	
-0.42041	
-0.424561	
-0.415283	
-0.41449	
-0.414063	
-0.42041	
-0.417297	
-0.417572	
-0.430634	
-0.413818	
-0.414581	
-0.417389	
-0.409485	
-0.408447	
-0.4263	
-0.427521	
-0.41214	
-0.426453	
-0.426147	
-0.411957	
-0.42569	
-0.422882	
-0.416565	
-0.413879	
-0.412842	
-0.420044	
-0.424072	
-0.418213	
-0.415558	
-0.417908	
-0.420197	
-0.416016	
-0.427795	
-0.420959	
-0.421356	
-0.42334	
-0.414307	
-0.406891	
-0.424591	
-0.420532	
-0.40918	
-0.414307	
-0.407867	
-3.23743	
-7.41232	
-3.95529	
-2.36386	
-1.75421	
-1.49677	
3.4675	
4.05881	
2.30612	
0.785492	
0.222534	
-0.00186157	
-0.0968933	
-0.163055	
-0.200928	
-0.233765	
-0.256989	
-0.270111	
-0.274658	
-0.27597	
-0.287384	
-0.300079	
-0.314758	
-0.320679	
-0.315704	
-0.325226	
-0.327484	
-0.326843	
-0.338898	
-0.346405	
-0.340057	
-0.347504	
-0.348267	
-0.3526	
-0.352112	
-0.361694	
-0.353302	
-0.353241	
-0.356873	
-0.359619	
-0.352448	
-0.3367	
-0.327667	
-0.336395	
-0.325256	
-0.310883	
-0.297577	
-0.269531	
-0.251373	
-0.253876	
-0.274048	
-0.276947	
-0.291992	
-0.343018	
-0.395966	
-0.432007	
-0.480896	
-0.485229	
-0.490906	
-0.4953	
-0.514923	
-0.53476	
-0.53241	
-0.536011	
-0.5495	
-0.540771	
-0.531952	
-0.515076	
-0.514923	
-0.48877	
-0.482727	
-0.488525	
-0.474396	
-0.461823	
-0.462921	
-0.450562	
-0.448669	
-0.4487	
-0.441193	
-0.429962	
-0.430725	
-0.420593	
-0.414093	
-0.408203	
-0.410675	
-0.421265	
-0.428101	
-0.409637	
-0.409515	
-0.413086	
-0.403107	
-0.399994	
-0.418762	
-0.406464	
-0.39978	
-0.402344	
-0.406372	
-0.3974	
-0.411072	
-0.408997	
-0.401215	
-0.407501	
-0.405731	
-0.412415	
-0.410095	
-0.398712	
-0.415771	
-0.397125	
-0.40094	
-0.407867	
-0.412903	
-0.422546	
-0.415466	
-0.410767	
-0.412872	
-0.401062	
-0.402008	
-0.415985	
-0.415436	
-0.411102	
-0.41983	
-0.424255	
-0.405365	
-0.402374	
-0.413696	
-0.403015	
-0.402649	
-0.421021	
-0.419159	
-0.41571	
-0.416931	
-0.409302	
-0.405304	
-0.406708	
-0.414398	
-0.429291	
-0.427094	
-0.415497	
-0.407837	
-0.411163	
-0.400452	
-0.404297	
-0.416534	
-0.421753	
-0.41095	
-0.40683	
-0.414063	
-0.408417	
-0.401611	
-0.414063	
-0.410645	
-0.404999	
-0.412048	
-0.4151	
-0.416138	
-0.418213	
-0.418365	
-0.413544	
-0.397339	
-0.414612	
-0.411621	
-0.415253	
-0.408569	
-0.404724	
-0.41568	
-0.414856	
-0.406525	
-0.418518	
-0.410889	
-0.413544	
-0.407745	
-0.418549	
-0.405487	
-0.398682	
-0.408051	
-0.398621	
-0.395325	
-0.429047	
-0.415375	
-0.398132	
-0.404449	
-0.414185	
-0.415466	
-0.416992	
-0.402496	
-0.405853	
-0.413513	
-0.416412	
-0.422852	
-0.42157	
-0.423584	
-0.426178	
-0.423767	
-0.397461	
-0.401459	
-0.422333	
-0.41748	
-0.400909	
-0.404144	
-0.417358	
-0.414703	
-0.407257	
-0.415985	
-0.413605	
-0.415375	
-0.415985	
-0.417877	
-0.415558	
-0.406586	
-0.413849	
-0.416992	
-0.409882	
-0.412018	
-0.417358	
-0.412781	
-0.40744	
-0.412964	
-0.411438	
-0.408539	
-0.4086	
-0.417694	
-0.402161	
-0.408875	
-0.407288	
-0.413391	
-0.419586	
-0.415466	
-0.408386	
-0.408081	
-0.403564	
-0.408752	
-0.405457	
-0.407928	
-0.403961	
-0.40744	
-0.413849	
-0.404724	
-0.399384	
-0.404877	
-0.402985	
-0.414093	
-0.405457	
-0.407135	
-0.40683	
-0.402039	
-0.4086	
-0.410858	
-0.399017	
-0.399384	
-0.403961	
-0.402252	
-0.404999	
-0.411224	
-0.4086	
-0.395569	
-0.409363	
-0.412262	
-0.413055	
-0.409576	
-0.408783	
-0.413788	
-0.402405	
-0.402832	
-0.410583	
-0.403717	
-0.401733	
-0.418274	
-0.415619	
-0.404785	
-0.406219	
-0.402802	
-0.401123	
-0.414734	
-0.403503	
-0.405792	
-0.41037	
-0.393677	
-0.404419	
-0.408905	
-0.405334	
-0.417542	
-0.412689	
-0.397797	
-0.414917	
-0.407288	
-0.408752	
-0.4104	
-0.406403	
-0.416229	
-0.408752	
-0.398285	
-0.413055	
-0.414581	
-0.401855	
-0.404785	
-0.419464	
-0.400909	
-0.402771	
-0.418915	
-0.406738	
-0.396881	
-0.419342	
-0.408661	
-0.404663	
-0.415131	
-0.410767	
-0.4086	
-0.412292	
-0.405853	
-0.407471	
-0.404724	
-0.405121	
-0.410156	
-0.403473	
-0.394684	
-0.407013	
-0.409332	
-0.39328	
-0.405792	
-0.417023	
-0.401947	
-0.400299	
-0.411194	
-0.417236	
-0.395477	
-0.409485	
-0.41391	
-0.399841	
-0.405731	
-0.421661	
-0.413605	
-0.406342	
-0.407959	
-0.413849	
-0.413055	
-0.416718	
-0.417145	
-0.415222	
-0.416595	
-0.412903	
-0.418335	
-0.41391	
-0.39267	
-0.404602	
-0.419586	
-0.409668	
-0.414276	
-0.413971	
-0.407959	
-0.405121	
-0.404602	
-0.416443	
-0.408508	
-0.398407	
-0.413635	
-0.414032	
-0.411896	
-0.401825	
-0.413605	
-0.414246	
-0.405426	
-0.411285	
-0.416992	
-0.413574	
-0.410675	
-0.417389	
-0.407928	
-0.408905	
-0.412201	
-0.404388	
-0.399902	
-0.406158	
-0.414978	
-0.413788	
-0.410217	
-0.397644	
-0.407013	
-0.405029	
-0.409637	
-0.43042	
-0.420471	
-0.396027	
-0.399414	
-0.417114	
-0.43222	
-0.418213	
-0.413025	
-0.403809	
-0.404083	
-0.420013	
-0.426025	
-0.426971	
-0.405518	
-0.390839	
-0.41333	
-0.413666	
-0.422333	
-0.425079	
-0.424744	
-0.403137	
-0.405396	
-0.418671	
-0.414917	
-0.408905	
-0.4216	
-0.415344	
-0.40741	
-0.416718	
-0.408173	
-0.404846	
-0.414459	
-0.418365	
-0.416534	
-0.414001	
-0.413574	
-0.424957	
-0.418243	
-0.410492	
-0.400726	
-0.415894	
-0.411255	
-0.407562	
-0.417908	
-0.409149	
-0.401367	
-0.408295	
-0.409851	
-0.400665	
-0.41333	
-0.417328	
-0.408691	
-0.408875	
-0.412262	
-0.41098	
-0.409943	
-0.405121	
-0.408569	
-0.420868	
-0.413147	
-0.410461	
-0.421021	
-0.410858	
-0.404236	
-0.408264	
-0.407654	
-0.406342	
-0.412781	
-0.417175	
-0.411804	
-0.407593	
-0.400299	
-0.408752	
-0.406097	
-0.396729	
-0.421936	
-0.428986	
-0.401428	
-0.407837	
-0.409424	
-0.406006	
-0.4039	
-0.424255	
-0.421356	
-0.416504	
-0.423248	
-0.418091	
-0.407074	
-0.411896	
-0.415863	
-0.409546	
-0.41629	
-0.415833	
-0.413605	
-0.40921	
-0.406158	
-0.413239	
-0.408875	
-0.404175	
-0.401459	
-0.39859	
-0.41507	
-0.412445	
-0.417297	
-0.424774	
-0.405792	
-0.399994	
-0.414825	
-0.409576	
-0.410645	
-0.421143	
-0.411652	
-0.402649	
-0.411896	
-0.406647	
-0.421234	
-0.423828	
-0.412994	
-0.415009	
-0.411621	
-0.410095	
-0.412598	
-0.413513	
-0.408661	
-0.41156	
-0.413544	
-0.408386	
-0.406494	
-0.424255	
-0.421112	
-0.402466	
-0.408325	
-0.413269	
-0.422089	
-0.414795	
-0.415771	
-0.425018	
-0.408844	
-0.40564	
-0.425781	
-0.419525	
-0.413086	
-0.415527	
-0.420258	
-0.416229	
-0.41571	
-0.42627	
-0.41748	
-0.405914	
-0.416473	
-0.417938	
-0.413147	
-0.415924	
-0.418396	
-0.422089	
-0.41803	
-0.415039	
-0.423279	
-0.426819	
-0.414154	
-0.41449	
-0.4151	
-0.417542	
-0.414368	
-0.415771	
-0.414246	
-0.415833	
-0.415497	
-0.410858	
-0.409698	
-0.416046	
-0.416138	
-0.399933	
-0.412201	
-0.414337	
-0.412659	
-0.418945	
-0.411163	
-0.407806	
-0.420532	
-0.425964	
-0.4133	
-0.407684	
-0.415283	
-0.424622	
-0.419617	
-0.4151	
-0.417236	
-0.414856	
-0.414215	
-0.420593	
-0.422699	
-0.421173	
-0.404266	
-0.421661	
-0.425751	
-0.417969	
-0.417542	
-0.411682	
-0.416443	
-0.418884	
-0.407623	
-0.407257	
-0.41507	
-0.411682	
-0.401489	
-0.427063	
-0.430511	
-0.411407	
-0.414154	
-0.417328	
-0.407288	
-0.413696	
-0.421539	
-0.418976	
-0.420044	
-0.425232	
-0.417389	
-0.413971	
-0.408142	
-0.401581	
-0.406525	
-0.409821	
-0.422424	
-0.416351	
-0.418884	
-0.410553	
-0.420013	
-0.419952	
-0.419617	
-0.419952	
-0.424896	
-0.41272	
-0.40979	
-0.425568	
-0.415771	
-0.407074	
-0.418335	
-0.411133	
-0.412201	
-0.420746	
-0.41214	
-0.417358	
-0.428467	
-0.415497	
-0.414948	
-0.419556	
-0.411835	
-0.411194	
-0.425781	
-0.413879	
-0.408722	
-0.416504	
-0.409546	
-0.40799	
-0.418854	
-0.419342	
-0.418976	
-0.412964	
-0.419708	
-0.422607	
-0.404999	
-0.41507	
-0.429413	
-0.420746	
-0.412567	
-0.422363	
-0.426483	
-0.405243	
-0.409454	
-0.422546	
-0.406281	
-0.407227	
-0.43045	
-0.42569	
-0.407867	
-0.419983	
-0.42041	
-0.417175	
-0.413574	
-0.422607	
-0.423737	
-0.407928	
-0.408508	
-0.426605	
-0.415436	
-0.412292	
-0.421021	
-0.424377	
-0.40506	
-0.404968	
-0.417053	
-0.414459	
-0.408661	
-0.414703	
-0.424011	
-0.407654	
-0.411407	
-0.412506	
-0.40976	
-0.409729	
-0.416382	
-0.430756	
-0.419556	
-0.395508	
-0.404541	
-0.418762	
-0.420074	
-0.409149	
-0.417908	
-0.415558	
-0.399109	
-0.409058	
-0.41507	
-0.41217	
-0.41568	
-0.427673	
-0.41156	
-0.412231	
-0.41748	
-0.41684	
-0.413177	
-0.408936	
-0.417206	
-0.412598	
-0.40506	
-0.414581	
-0.4216	
-0.416809	
-0.402466	
-0.418396	
-0.422607	
-0.402832	
-0.408569	
-0.419525	
-0.416382	
-0.410492	
-0.411041	
-0.406891	
-0.418518	
-0.427216	
-0.41568	
-0.40213	
-0.404663	
-0.405579	
-0.412231	
-0.413574	
-0.407806	
-0.404633	
-0.404388	
-0.412506	
-0.425354	
-0.423615	
-0.419342	
-0.406677	
-0.415497	
-0.406128	
-0.412384	
-0.416901	
-0.411011	
-0.411377	
-0.414093	
-0.40921	
-0.414948	
-0.401276	
-0.406097	
-0.424988	
-0.419281	
-0.40744	
-0.414337	
-0.422546	
-0.409668	
-0.405029	
-0.409332	
-0.412476	
-0.419098	
-0.413574	
-0.417725	
-0.41568	
-0.414368	
-0.402618	
-0.412689	
-0.410828	
-0.414093	
-0.424194	
-0.415283	
-0.407257	
-0.423737	
-0.422028	
-0.411011	
-0.408295	
-0.41452	
-0.412231	
-0.406586	
-0.41745	
-0.423798	
-0.40686	
-0.404846	
-0.417206	
-0.397034	
-0.40097	
-0.417206	
-0.416382	
-0.415558	
-0.418671	
-0.410034	
-0.415588	
-0.41095	
-0.402771	
-0.413147	
-0.423737	
-0.407471	
-0.415375	
-0.412079	
-0.395386	
-0.40033	
-0.418732	
-0.405884	
-0.413177	
-0.428894	
-0.409149	
-0.401917	
-0.416962	
-0.406586	
-0.402466	
-0.403564	
-0.413849	
-0.409912	
-0.405396	
-0.406708	
-0.413239	
-0.411346	
-0.411591	
-0.413849	
-0.411499	
-0.401672	
-0.418945	
-0.418457	
-0.41803	
-0.412567	
-0.411865	
-0.409302	
-0.409363	
-0.416992	
-0.420746	
-0.411987	
-0.40741	
-0.404694	
-0.407867	
-0.40564	
-0.419647	
-0.4151	
-0.402679	
-0.396393	
-0.416138	
-0.419891	
-0.410736	
-0.411255	
-0.414459	
-0.393555	
-0.411865	
-0.418915	
-0.410309	
-0.408691	
-0.40271	
-0.396606	
-0.406799	
-0.404999	
-0.398254	
-0.406311	
-0.408081	
-0.397156	
-0.397095	
-0.405945	
-0.409149	
-0.410736	
-0.405304	
-0.406464	
-0.403259	
-0.414185	
-0.394531	
-0.392303	
-0.405518	
-0.399536	
-0.407043	
-0.410278	
-0.403717	
-0.408508	
-0.409119	
-0.411346	
-0.406799	
-0.406555	
-0.406464	
-0.403839	
-0.409424	
-0.39801	
-0.40155	
-0.412323	
-0.402252	
-0.402283	
-0.407806	
-0.409943	
-0.399628	
-0.408844	
-0.405731	
-0.406708	
-0.410553	
-0.405426	
-0.403046	
-0.411255	
-0.414124	
-0.420319	
-0.398376	
-0.399689	
-0.408508	
-0.421478	
-0.400208	
-0.408417	
-0.415588	
-0.403717	
-0.392181	
-0.413727	
-0.404663	
-0.385803	
-0.407135	
-0.420868	
-0.401978	
-0.397888	
-0.403168	
-0.402863	
-0.404022	
-0.411591	
-0.408142	
-0.402527	
-0.395935	
-0.403015	
-0.409607	
-0.410553	
-0.389252	
-0.401642	
-0.410919	
-0.402313	
-0.412018	
-0.415771	
-0.39267	
-0.397644	
-0.408112	
-0.400299	
-0.396881	
-0.399872	
-0.400299	
-0.411224	
-0.405884	
-0.396576	
-0.403076	
-0.401428	
-0.391724	
-0.414734	
-0.41275	
-0.396912	
-0.40329	
-0.406891	
-0.40213	
-0.401855	
-0.405884	
-0.404327	
-0.400452	
-0.395874	
-0.40448	
-0.406281	
-0.403412	
-0.405701	
-0.404419	
-0.39975	
-0.412842	
-0.400513	
-0.398163	
-0.402588	
-0.409119	
-0.402313	
-0.411621	
-0.401154	
-0.408813	
-0.399475	
-0.40271	
-0.410278	
-0.39801	
-0.401672	
-0.403564	
-0.401215	
-0.422302	
-0.404785	
-0.394348	
-0.402252	
-0.406128	
-0.393646	
-0.404541	
-0.407745	
-0.389801	
-0.394012	
-0.407104	
-0.401306	
-0.396698	
-0.402771	
-0.405029	
-0.391785	
-0.399536	
-0.408539	
-0.404419	
-0.397797	
-0.407532	
-0.412872	
-0.397766	
-0.400482	
-0.415649	
-0.408997	
-0.394562	
-0.396698	
-0.416565	
-0.395935	
-0.394043	
-0.422882	
-0.412903	
-0.39621	
-0.40329	
-0.411469	
-0.393829	
-0.398773	
-0.410065	
-0.416351	
-0.410645	
-0.408569	
-0.401764	
-0.408264	
-0.401917	
-0.415924	
-0.411438	
-0.406372	
-0.3909	
-0.406128	
-0.410614	
-0.398865	
-0.400909	
-0.405365	
-0.403015	
-0.405487	
-0.399017	
-0.399872	
-0.41095	
-0.4151	
-0.411163	
-0.402466	
-0.392426	
-0.408508	
-0.409729	
-0.400299	
-0.391357	
-0.409851	
-0.411469	
-0.398132	
-0.404419	
-0.410065	
-0.395203	
-0.40274	
-0.405334	
-0.405151	
-0.397552	
-0.398132	
-0.398407	
-0.412048	
-0.407745	
-0.400513	
-0.397644	
-0.403809	
-0.411011	
-0.405029	
-0.398682	
-0.399872	
-0.402496	
-0.404816	
-0.406281	
-0.418854	
-0.410828	
-0.394257	
-0.39679	
-0.415192	
-0.41571	
-0.416748	
-0.417267	
-0.394501	
-0.40274	
-0.405182	
-0.411072	
-0.413971	
-0.40332	
-0.398499	
-0.41214	
-0.410309	
-0.401123	
-0.397491	
-0.415314	
-0.403259	
-0.405975	
-0.408478	
-0.403229	
-0.405945	
-0.411163	
-0.395966	
-0.402374	
-0.407654	
-0.393341	
-0.401154	
-0.413696	
-0.404175	
-0.417877	
-0.403625	
-0.391449	
-0.397156	
-0.420044	
-0.40744	
-0.405823	
-0.413635	
-0.403748	
-0.398529	
-0.408966	
-0.399384	
-0.402924	
-0.399811	
-0.403351	
-0.398804	
-0.408875	
-0.407532	
-0.403625	
-0.39267	
-0.399902	
-0.40274	
-0.400604	
-0.399384	
-0.41861	
-0.402557	
-0.404938	
-0.40506	
-0.401123	
-0.394165	
-0.400574	
-0.405518	
-0.419342	
-0.413025	
-0.410767	
-0.411285	
-0.398804	
-0.402252	
-0.407806	
-0.408112	
-0.401215	
-0.401306	
-0.412415	
-0.413025	
-0.408142	
-0.398956	
-0.399933	
-0.397217	
-0.392242	
-0.408722	
-0.413055	
-0.400452	
-0.411652	
-0.411682	
-0.395172	
-0.40625	
-0.408356	
-0.402222	
-0.412811	
-0.410278	
-0.398315	
-0.396179	
-0.386353	
-0.39978	
-0.40918	
-0.404297	
-0.402588	
-0.411774	
-0.401276	
-0.395569	
-0.416748	
-0.415741	
-0.399597	
-0.401459	
-0.400299	
-0.402283	
-0.407928	
-0.419464	
-0.413574	
-0.408752	
-0.404846	
-0.406067	
-0.403717	
-0.417175	
-0.407776	
-0.397583	
-0.395264	
-0.411743	
-0.413391	
-0.416199	
-0.406952	
-0.407684	
-0.406403	
-0.412506	
-0.401215	
-0.410278	
-0.407196	
-0.420197	
-0.423523	
-0.406464	
-0.397125	
-0.41275	
-0.424103	
-0.42511	
-0.405396	
-0.404083	
-0.407257	
-0.411011	
-0.409119	
-0.404907	
-0.413635	
-0.4086	
-0.413818	
-0.417236	
-0.401672	
-0.398224	
-0.415466	
-0.400879	
-0.397308	
-0.409973	
-0.413849	
-0.411621	
-0.406525	
-0.407196	
-0.411774	
-0.419037	
-0.415985	
-0.407684	
-0.393677	
-0.389862	
-0.40683	
-0.422363	
-0.395386	
-0.401245	
-0.424957	
-0.413147	
-0.402222	
-0.409546	
-0.414825	
-0.398712	
-0.415405	
-0.417694	
-0.408356	
-0.400665	
-0.412354	
-0.420227	
-0.42157	
-0.416473	
-0.416382	
-0.400696	
-0.401154	
-0.408905	
-0.417328	
-0.405579	
-0.404999	
-0.408691	
-0.418976	
-0.412109	
-0.41507	
-0.410645	
-0.396576	
-0.405792	
-0.419159	
-0.422028	
-0.41452	
-0.39621	
-0.410583	
-0.412903	
-0.408997	
-0.407623	
-0.415344	
-0.415039	
-0.403839	
-0.423615	
-0.417358	
-0.395966	
-0.406738	
-0.407867	
-0.410461	
-0.419464	
-0.417633	
-0.409973	
-0.415833	
-0.409332	
-0.411957	
-0.4133	
-0.402496	
-0.405457	
-0.416687	
-0.405853	
-0.410217	
-0.417236	
-0.408508	
-0.405334	
-0.41925	
-0.416901	
-0.414825	
-0.410339	
-0.414642	
-0.418427	
-0.414307	
-0.415344	
-0.408447	
-0.408783	
-0.411926	
-0.410767	
-0.415344	
-0.40976	
-0.393494	
-0.398529	
-0.41333	
-0.409546	
-0.407959	
-0.424774	
-0.412109	
-0.406952	
-0.423126	
-0.41333	
-0.397675	
-0.417816	
-0.409882	
-0.405334	
-0.411591	
-0.417542	
-0.409149	
-0.404633	
-0.409882	
-0.426697	
-0.406799	
-0.408081	
-0.419281	
-0.417938	
-0.404602	
-0.406311	
-0.424622	
-0.410461	
-0.398285	
-0.410858	
-0.40918	
-0.398529	
-0.398926	
-0.411987	
-0.409912	
-0.407928	
-0.409302	
-0.413605	
-0.406464	
-0.408081	
-0.407898	
-0.413422	
-0.41217	
-0.413818	
-0.410553	
-0.39978	
-0.407227	
-0.41214	
-0.404633	
-0.402527	
-0.410522	
-0.414154	
-0.416107	
-0.408997	
-0.407715	
-0.397888	
-0.420868	
-0.412506	
-0.410095	
-0.404785	
-0.41098	
-0.415375	
-0.420441	
-0.402527	
-0.397583	
-0.402893	
-0.420807	
-0.406555	
-0.408997	
-0.404724	
-0.402313	
-0.415436	
-0.414246	
-0.405914	
-0.411804	
-0.406891	
-0.398315	
-0.412323	
-0.41626	
-0.409729	
-0.401764	
-0.397064	
-0.413574	
-0.40979	
-0.40802	
-0.400482	
-0.419983	
-0.412872	
-0.399292	
-0.405304	
-0.407196	
-0.397522	
-0.411865	
-0.415314	
-0.407562	
-0.395447	
-0.399902	
-0.403961	
-0.415039	
-0.422546	
-0.415466	
-0.398529	
-0.395996	
-0.400513	
-0.418823	
-0.415894	
-0.413635	
-0.40567	
-0.414307	
-0.407837	
-0.404968	
-0.404907	
-0.41214	
-0.408813	
-0.413025	
-0.406647	
-0.413055	
-0.425537	
-0.410828	
-0.40271	
-0.405792	
-0.411407	
-0.410889	
-0.408112	
-0.414093	
-0.410492	
-0.414185	
-0.415436	
-0.39856	
-0.403046	
-0.407043	
-0.411438	
-0.418488	
-0.412018	
-0.403595	
-0.40741	
-0.39682	
-0.404053	
-0.41272	
-0.401367	
-0.40564	
-0.41391	
-0.411285	
-0.419342	
-0.416504	
-0.401917	
-0.402832	
-0.413147	
-0.39563	
-0.409943	
-0.425629	
-0.40509	
-0.4021	
-0.420837	
-0.407867	
-0.402954	
-0.413635	
-0.405853	
-0.396423	
-0.413757	
-0.40506	
-0.406219	
-0.409729	
-0.403107	
-0.406464	
-0.418488	
-0.399231	
-0.398468	
-0.40564	
-0.408722	
-0.40274	
-0.418243	
-0.404236	
-0.396027	
-0.400269	
-0.415009	
-0.409393	
-0.412964	
-0.42453	
-0.409058	
-0.410278	
-0.407928	
-0.407959	
-0.40509	
-0.403229	
-0.41394	
-0.41037	
-0.408356	
-0.403259	
-0.408752	
-0.41803	
-0.401886	
-0.413757	
-0.408936	
-0.394775	
-0.403503	
-0.419739	
-0.414185	
-0.412842	
-0.397919	
-0.401276	
-0.401184	
-0.409882	
-0.4133	
-0.413147	
-0.395874	
-0.398621	
-0.398621	
-0.400909	
-0.408539	
-0.410736	
-0.400085	
-0.391449	
-0.410095	
-0.413025	
-0.398621	
-0.394806	
-0.405121	
-0.40686	
-0.407715	
-0.412811	
-0.40097	
-0.397217	
-0.402832	
-0.405731	
-0.401184	
-0.396545	
-0.398407	
-0.409027	
-0.403168	
-0.399017	
-0.410706	
-0.411987	
-0.399139	
-0.404022	
-0.412109	
-0.410706	
-0.400146	
-0.407776	
-0.392761	
-0.394135	
-0.412018	
-0.407532	
-0.402771	
-0.402222	
-0.410919	
-0.418488	
-0.407684	
-0.405579	
-0.402222	
-0.401642	
-0.399658	
-0.3992	
-0.411316	
-0.388367	
-0.393707	
-0.414459	
-0.408356	
-0.395752	
-0.411499	
-0.408722	
-0.398773	
-0.400879	
-0.407654	
-0.405212	
-0.398743	
-0.406464	
-0.411591	
-0.404663	
-0.392639	
-0.389191	
-0.395111	
-0.389618	
-0.399628	
-0.41095	
-0.393524	
-0.396484	
-0.396851	
-0.399719	
-0.403717	
-0.397888	
-0.404602	
-0.394867	
-0.408722	
-0.407166	
-0.407745	
-0.394409	
-0.390442	
-0.405914	
-0.408417	
-0.407257	
-0.408234	
-0.403015	
-0.401581	
-0.400513	
-0.40387	
-0.398499	
-0.394928	
-0.404755	
-0.41394	
-0.407257	
-0.402405	
-0.398254	
-0.386017	
-0.396057	
-0.408173	
-0.399445	
-0.398071	
-0.399689	
-0.396698	
-0.399475	
-0.410736	
-0.403381	
-0.397797	
-0.412842	
-0.390961	
-0.40741	
-0.412628	
-0.395508	
-0.403625	
-0.405609	
-0.397095	
-0.407623	
-0.404236	
-0.40387	
-0.403931	
-0.400085	
-0.403351	
-0.404816	
-0.395691	
-0.396301	
-0.407715	
-0.411224	
-0.403809	
-0.404724	
-0.395599	
-0.402618	
-0.407318	
-0.40921	
-0.408508	
-0.393951	
-0.393463	
-0.402435	
-0.391968	
-0.408386	
-0.401703	
-0.395294	
-0.392456	
-0.401978	
-0.40155	
-0.393402	
-0.38916	
-0.395752	
-0.408752	
-0.410492	
-0.40094	
-0.413177	
-0.399445	
-0.389069	
-0.405945	
-0.407196	
-0.390503	
-0.402008	
-0.401489	
-0.414917	
-0.413818	
-0.397369	
-0.411926	
-0.414001	
-0.40097	
-0.415619	
-0.419006	
-0.407745	
-0.382385	
-0.391418	
-0.392334	
-0.402252	
-0.417145	
-0.401611	
-0.39621	
-0.410919	
-0.411011	
-0.40448	
-0.405518	
-0.401794	
-0.396942	
-0.412292	
-0.410858	
-0.39978	
-0.402466	
-0.411652	
-0.412048	
-0.400635	
-0.394379	
-0.406311	
-0.410309	
-0.397064	
-0.396027	
-0.399353	
-0.405151	
-0.406158	
-0.407837	
-0.397736	
-0.395996	
-0.407196	
-0.421051	
-0.392456	
-0.403046	
-0.402618	
-0.397888	
-0.395996	
-0.399994	
-0.407196	
-0.406097	
-0.395966	
-0.404205	
-0.410522	
-0.416107	
-0.39212	
-0.402557	
-0.404266	
-0.40094	
-0.404846	
-0.408875	
-0.40097	
-0.406616	
-0.403778	
-0.39978	
-0.408691	
-0.416229	
-0.406067	
-0.392242	
-0.396118	
-0.413422	
-0.418579	
-0.412537	
-0.399078	
-0.405334	
-0.405609	
-0.407928	
-0.41153	
-0.404785	
-0.401733	
-0.39975	
-0.401917	
-0.403717	
-0.406769	
-0.405945	
-0.404938	
-0.406525	
-0.399963	
-0.398529	
-0.403595	
-0.405304	
-0.403656	
-0.408508	
-0.405823	
-0.403198	
-0.404755	
-0.396973	
-0.402802	
-0.419373	
-0.411682	
-0.399994	
-0.390839	
-0.39682	
-0.406219	
-0.403931	
-0.415131	
-0.401642	
-0.402802	
-0.399933	
-0.406219	
-0.41394	
-0.400909	
-0.394592	
-0.392822	
-0.407013	
-0.402252	
-0.391632	
-0.420349	
-0.404846	
-0.395813	
-0.404205	
-0.398773	
-0.383484	
-0.402527	
-0.403595	
-0.405396	
-0.41568	
-0.418152	
-0.404266	
-0.405396	
-0.406189	
-0.409546	
-0.411835	
-0.407867	
-0.400269	
-0.412811	
-0.39444	
-0.39563	
-0.404999	
	
