E:\DOCUMENTS AND SETTINGS\JPOTAS\MEUS DOCUMENTOS\UFRJ\RSCI-BM 12 WK SERIES\070727-RSCI-BM-05\RSCI-BM-05-LSN\070727-RSCI-BM-05-LSN-0019.ACQ
0.025000 msec/sample
1 channel
Analog input
Volts
CH1	
2000	
-0.390656	
-0.371735	
-0.394623	
-0.365692	
-0.361053	
-0.35614	
-0.359375	
-0.374084	
-0.375275	
-0.393005	
-0.365082	
-0.393127	
-0.375092	
-0.368042	
-0.382263	
-0.373962	
-0.372437	
-0.378845	
-0.385223	
-0.383698	
-0.382874	
-0.374817	
-0.371399	
-0.380463	
-0.376709	
-0.384888	
-0.388245	
-0.383362	
-0.381195	
-0.368866	
-0.378845	
-0.365906	
-0.381104	
-0.369171	
-0.388275	
-0.3862	
-0.361694	
-0.361694	
-0.376892	
-0.377594	
-0.366547	
-0.372101	
-0.376556	
-0.375793	
-0.38736	
-0.374695	
-0.381653	
-0.375214	
-0.37381	
-0.391998	
-0.389404	
-0.409241	
-0.364136	
-0.379395	
-0.367706	
-0.401062	
-0.381012	
-0.368866	
-0.376373	
-0.365601	
-0.393341	
-0.382782	
-0.378601	
-0.380127	
-0.386719	
-0.37088	
-0.349182	
-0.393616	
-0.387177	
-0.382782	
-0.367676	
-0.379669	
-0.391785	
-0.367035	
-0.373718	
-0.370148	
-0.394592	
-0.375	
-0.382446	
-0.392853	
-0.371887	
-0.370789	
-0.391235	
-0.395081	
-0.384705	
-0.370697	
-0.377502	
-0.377655	
-0.397705	
-0.387909	
-0.379639	
-0.365875	
-0.354462	
-0.374603	
-0.375183	
-0.407654	
-0.370514	
-0.370178	
-0.369659	
-0.390259	
-0.385284	
-0.355957	
-0.358917	
-0.365936	
-0.393127	
-0.385101	
-0.370026	
-0.359924	
-0.375671	
-0.39975	
-0.362183	
-0.369781	
-0.387878	
-0.392548	
-0.376038	
-0.373444	
-0.397552	
-0.371002	
-0.400909	
-0.36969	
-0.380005	
-0.398834	
-0.391418	
-0.375427	
-0.381622	
-0.389221	
-0.372467	
-0.383423	
-0.393311	
-0.408356	
-0.400299	
-0.365387	
-0.374908	
-0.385742	
-0.394653	
-0.388947	
-0.379822	
-0.396332	
-0.383331	
-0.405701	
-0.372681	
-0.380219	
-0.378693	
-0.375732	
-0.391907	
-0.382111	
-0.380096	
-0.395966	
-0.394257	
-0.371887	
-0.377045	
-0.381134	
-0.351257	
-0.393066	
-0.386658	
-0.377197	
-0.380341	
-0.382751	
-0.377533	
-0.371979	
-0.386871	
-0.346283	
-0.397461	
-0.394684	
-0.380829	
-0.391357	
-0.372009	
-0.360962	
-0.380341	
-0.39209	
-0.382629	
-0.393219	
-0.392761	
-0.379517	
-0.387085	
-0.369263	
-0.370514	
-0.379822	
-0.38916	
-0.392303	
-0.381165	
-0.404358	
-0.392181	
-0.409851	
-0.376923	
-0.382507	
-0.379028	
-0.365021	
-0.398865	
-0.403625	
-0.372467	
-0.386963	
-0.395691	
-0.36203	
-0.372009	
-0.403656	
-0.376007	
1.36432	
3.53149	
1.37686	
0.517609	
0.185455	
0.0276489	
-5.15863	
-3.84296	
-1.84167	
-1.08029	
-0.767212	
-0.623596	
-0.564575	
-0.507141	
-0.49527	
-0.483734	
-0.468079	
-0.447937	
-0.445007	
-0.454376	
-0.431702	
-0.429749	
-0.406647	
-0.409576	
-0.381012	
-0.368988	
-0.386139	
-0.341583	
-0.309448	
-0.252106	
-0.249359	
-0.210815	
-0.173889	
-0.15509	
-0.147034	
-0.198761	
-0.30304	
-0.392456	
-0.465424	
-0.48822	
-0.505249	
-0.514618	
-0.552795	
-0.571472	
-0.582001	
-0.607574	
-0.628693	
-0.643066	
-0.638123	
-0.668671	
-0.637115	
-0.633484	
-0.62265	
-0.607941	
-0.596313	
-0.564209	
-0.559265	
-0.551575	
-0.549774	
-0.522675	
-0.48999	
-0.481842	
-0.479858	
-0.477234	
-0.414886	
-0.395447	
-0.394348	
-0.413971	
-0.388702	
-0.366669	
-0.398682	
-0.40036	
-0.416443	
-0.360596	
-0.372375	
-0.386566	
-0.385315	
-0.379028	
-0.378448	
-0.379974	
-0.378418	
-0.396362	
-0.385864	
-0.377319	
-0.381042	
-0.390015	
-0.402008	
-0.41626	
-0.420654	
-0.399414	
-0.388947	
-0.422913	
-0.404236	
-0.409943	
-0.397888	
-0.415955	
-0.407227	
-0.400116	
-0.413422	
-0.402405	
-0.399475	
-0.398621	
-0.405365	
-0.397583	
-0.383942	
-0.402679	
-0.384796	
-0.39801	
-0.382904	
-0.377563	
-0.376007	
-0.398193	
-0.411621	
-0.377472	
-0.397461	
-0.373657	
-0.39566	
-0.386139	
-0.394012	
-0.40506	
-0.389008	
-0.399536	
-0.405212	
-0.394714	
-0.391418	
-0.396057	
-0.375885	
-0.376495	
-0.410736	
-0.398346	
-0.396698	
-0.403717	
-0.40451	
-0.388489	
-0.366028	
-0.382721	
-0.394135	
-0.423004	
-0.40567	
-0.408905	
-0.390442	
-0.387512	
-0.394531	
-0.380676	
-0.388702	
-0.409973	
-0.394501	
-0.395477	
-0.405426	
-0.398132	
-0.373566	
-0.387787	
-0.39267	
-0.399231	
-0.406372	
-0.402008	
-0.423035	
-0.385529	
-0.407928	
-0.383087	
-0.398346	
-0.401886	
-0.408844	
-0.40918	
-0.407593	
-0.41687	
-0.401306	
-0.413116	
-0.404572	
-0.399811	
-0.414795	
-0.407623	
-0.431366	
-0.412323	
-0.412445	
-0.402588	
-0.414612	
-0.409088	
-0.389496	
-0.411255	
-0.389008	
-0.421661	
-0.424896	
-0.400818	
-0.387299	
-0.391174	
-0.403503	
-0.414581	
-0.414032	
-0.397827	
-0.387726	
-0.402222	
-0.398926	
-0.407257	
-0.398376	
-0.390656	
-0.387573	
-0.404449	
-0.403625	
-0.376678	
-0.409576	
-0.391998	
-0.402191	
-0.394745	
-0.404266	
-0.409515	
-0.376709	
-0.377594	
-0.392365	
-0.391815	
-0.375183	
-0.387207	
-0.400055	
-0.381592	
-0.401245	
-0.384399	
-0.383545	
-0.377869	
-0.39505	
-0.409119	
-0.385071	
-0.39093	
-0.373169	
-0.407379	
-0.386566	
-0.390076	
-0.387543	
-0.400024	
-0.395386	
-0.37735	
-0.385773	
-0.407898	
-0.411621	
-0.378143	
-0.373077	
-0.390411	
-0.394714	
-0.398132	
-0.380829	
-0.397736	
-0.392639	
-0.39386	
-0.426178	
-0.388123	
-0.39032	
-0.382751	
-0.396332	
-0.381195	
-0.400482	
-0.410339	
-0.386749	
-0.396851	
-0.39328	
-0.381348	
-0.389374	
-0.390594	
-0.384918	
-0.369873	
-0.402313	
-0.39389	
-0.386871	
-0.36673	
-0.374237	
-0.382721	
-0.34848	
-0.386536	
-0.382813	
-0.404999	
-0.383728	
-0.377777	
-0.386902	
-0.376587	
-0.377502	
-0.384918	
-0.393036	
-0.389984	
-0.386658	
-0.395416	
-0.386169	
-0.398376	
-0.379791	
-0.372406	
-0.369446	
-0.408081	
-0.415771	
-0.363678	
-0.390259	
-0.387085	
-0.385925	
-0.373688	
-0.398895	
-0.389191	
-0.384552	
-0.409729	
-0.392212	
-0.370667	
-0.388397	
-0.385284	
-0.378387	
-0.403015	
-0.406494	
-0.388702	
-0.397461	
-0.393372	
-0.377625	
-0.375549	
-0.388702	
-0.404266	
-0.380249	
-0.406433	
-0.3815	
-0.385315	
-0.384583	
-0.37677	
-0.379639	
-0.381561	
-0.387146	
-0.389587	
-0.390625	
-0.391144	
-0.384216	
-0.382141	
-0.363251	
-0.384186	
-0.373413	
-0.399872	
-0.386963	
-0.381775	
-0.41272	
-0.385162	
-0.38028	
-0.370026	
-0.400208	
-0.387421	
-0.387085	
-0.391296	
-0.391998	
-0.395416	
-0.380554	
-0.375671	
-0.382446	
-0.379211	
-0.392822	
-0.390656	
-0.40799	
-0.390137	
-0.365692	
-0.362762	
-0.393188	
-0.404297	
-0.365967	
-0.380341	
-0.361328	
-0.402527	
-0.400513	
-0.384399	
-0.390381	
-0.379242	
-0.37204	
-0.383514	
-0.394165	
-0.383362	
-0.368225	
-0.375214	
-0.388184	
-0.414948	
-0.383728	
-0.378937	
-0.385925	
-0.392303	
-0.384583	
-0.37854	
-0.407288	
-0.384491	
-0.393982	
-0.368469	
-0.381134	
-0.388428	
-0.393066	
-0.393219	
-0.364532	
-0.375092	
-0.391083	
-0.40451	
-0.380615	
-0.376648	
-0.377991	
-0.385284	
-0.400635	
-0.385529	
-0.370697	
-0.367676	
-0.388428	
-0.410828	
-0.365417	
-0.384552	
-0.386078	
-0.390778	
-0.375	
-0.388214	
-0.403809	
-0.387329	
-0.381348	
-0.380219	
-0.393188	
-0.387878	
-0.389038	
-0.383575	
-0.358521	
-0.382202	
-0.378967	
-0.379425	
-0.371948	
-0.381317	
-0.401825	
-0.384125	
-0.384064	
-0.345947	
-0.380005	
-0.377319	
-0.368896	
-0.387024	
-0.38147	
-0.375732	
-0.372711	
-0.374786	
-0.369415	
-0.372467	
-0.3797	
-0.375275	
-0.393463	
-0.37915	
-0.366272	
-0.378204	
-0.395203	
-0.383606	
-0.363922	
-0.396149	
-0.377075	
-0.40921	
-0.403564	
-0.380402	
-0.366913	
-0.371552	
-0.382263	
-0.375671	
-0.38028	
-0.387939	
-0.384766	
-0.379761	
-0.379608	
-0.386139	
-0.368408	
-0.374023	
-0.387482	
-0.387939	
-0.382446	
-0.388245	
-0.407684	
-0.377197	
-0.383484	
-0.36438	
-0.376465	
-0.385803	
-0.392151	
-0.397949	
-0.380829	
-0.375641	
-0.375519	
-0.381714	
-0.378784	
-0.38327	
-0.384674	
-0.373871	
-0.392822	
-0.365082	
-0.370728	
-0.358612	
-0.367218	
-0.406677	
-0.374115	
-0.386597	
-0.37265	
-0.389435	
-0.372284	
-0.387024	
-0.382416	
-0.365997	
-0.392883	
-0.389709	
-0.384003	
-0.390289	
-0.3815	
-0.374817	
-0.37616	
-0.391296	
-0.372803	
-0.378235	
-0.378937	
-0.382355	
-0.390656	
-0.358826	
-0.375671	
-0.361847	
-0.385895	
-0.383698	
-0.387207	
-0.36972	
-0.353882	
-0.375763	
-0.373169	
-0.35791	
-0.363495	
-0.378326	
-0.373688	
-0.373688	
-0.401459	
-0.387177	
-0.368317	
-0.370758	
-0.386719	
-0.398682	
-0.378998	
-0.390656	
-0.381897	
-0.392334	
-0.373688	
-0.393646	
-0.375488	
-0.364319	
-0.388	
-0.38443	
-0.373901	
-0.384369	
-0.389343	
-0.37262	
-0.367767	
-0.373962	
-0.371765	
-0.398071	
-0.378479	
-0.380859	
-0.380646	
-0.37915	
-0.40799	
-0.376495	
-0.385925	
-0.365479	
-0.392609	
-0.385742	
-0.379547	
-0.38147	
-0.380951	
-0.407623	
-0.392883	
-0.382019	
-0.371918	
-0.394928	
-0.387817	
-0.358368	
-0.38797	
-0.392883	
-0.375214	
-0.358551	
-0.380188	
-0.399811	
-0.373138	
-0.373383	
-0.353241	
-0.382507	
-0.389221	
-0.384003	
-0.383728	
-0.362061	
-0.377533	
-0.389526	
-0.372223	
-0.367279	
-0.375732	
-0.381012	
-0.361908	
-0.383667	
-0.383209	
-0.395142	
-0.373749	
-0.386536	
-0.390625	
-0.345184	
-0.385529	
-0.383026	
-0.391388	
-0.371704	
-0.393097	
-0.380127	
-0.38092	
-0.398834	
-0.377838	
-0.367584	
-0.373077	
-0.396271	
-0.395905	
-0.386627	
-0.385681	
-0.388458	
-0.392822	
-0.388855	
-0.385132	
-0.376434	
-0.383881	
-0.417572	
-0.393921	
-0.402222	
-0.379242	
-0.381439	
-0.366455	
-0.376678	
-0.383698	
-0.392548	
-0.403778	
-0.393463	
-0.386353	
-0.38678	
-0.370728	
-0.370331	
-0.364868	
-0.385651	
-0.385254	
-0.404358	
-0.384796	
-0.382904	
-0.405457	
-0.349609	
-0.370483	
-0.375	
-0.381989	
-0.380432	
-0.401306	
-0.389923	
-0.363586	
-0.390503	
-0.379486	
-0.37915	
-0.388275	
-0.383301	
-0.382813	
-0.389008	
-0.404205	
-0.385925	
-0.378052	
-0.370605	
-0.396484	
-0.392395	
-0.363312	
-0.395233	
-0.366882	
-0.39212	
-0.38681	
-0.371887	
-0.37149	
-0.392273	
-0.388733	
-0.387573	
-0.380127	
-0.370728	
-0.363159	
-0.382019	
-0.384827	
-0.39624	
-0.378296	
-0.381348	
-0.399078	
-0.402069	
-0.377991	
-0.367157	
-0.392212	
-0.379425	
-0.413391	
-0.400116	
-0.395721	
-0.3862	
-0.381866	
-0.391174	
-0.381897	
-0.390656	
-0.39975	
-0.390228	
-0.387878	
-0.393768	
-0.386383	
-0.375397	
-0.403778	
-0.390869	
-0.38089	
-0.383575	
-0.40213	
-0.422058	
-0.387238	
-0.396545	
-0.38147	
-0.399872	
-0.390625	
-0.386749	
-0.387146	
-0.371796	
-0.390747	
-0.407867	
-0.405151	
-0.380066	
-0.38269	
-0.388916	
-0.378601	
-0.399841	
-0.394226	
-0.386963	
-0.376068	
-0.389801	
-0.402649	
-0.384552	
-0.393036	
-0.366577	
-0.391968	
-0.395386	
-0.400452	
-0.387695	
-0.366913	
-0.401123	
-0.409485	
-0.378723	
-0.374847	
-0.388702	
-0.391754	
-0.38504	
-0.402802	
-0.392578	
-0.392273	
-0.383911	
-0.387665	
-0.384064	
-0.370575	
-0.410522	
-0.397247	
-0.4039	
-0.388	
-0.387878	
-0.38443	
-0.388062	
-0.402039	
-0.378143	
-0.39505	
-0.413696	
-0.40213	
-0.384613	
-0.396393	
-0.39563	
-0.388214	
-0.408295	
-0.422516	
-0.40451	
-0.389313	
-0.392578	
-0.405579	
-0.393829	
-0.413635	
-0.392853	
-0.400269	
-0.393585	
-0.392761	
-0.404968	
-0.378906	
-0.371552	
-0.392914	
-0.394745	
-0.37677	
-0.399139	
-0.399384	
-0.36795	
-0.389587	
-0.388184	
-0.386017	
-0.37439	
-0.391083	
-0.421844	
-0.39267	
-0.40506	
-0.385101	
-0.394226	
-0.396362	
-0.39917	
-0.388336	
-0.38858	
-0.413086	
-0.40329	
-0.394348	
-0.387451	
-0.373444	
-0.390442	
-0.387817	
-0.4021	
-0.402344	
-0.411255	
-0.396973	
-0.39624	
-0.402161	
-0.367157	
-0.394623	
-0.383606	
-0.410278	
-0.40332	
-0.39447	
-0.393463	
-0.393127	
-0.394714	
-0.392395	
-0.390717	
-0.382629	
-0.39563	
-0.403015	
-0.397736	
-0.405396	
-0.392975	
-0.388916	
-0.39447	
-0.404602	
-0.394775	
-0.377808	
-0.400116	
-0.384369	
-0.405365	
-0.397583	
-0.394348	
-0.390656	
-0.406586	
-0.393616	
-0.387817	
-0.407227	
-0.407166	
-0.396545	
-0.399902	
-0.395386	
-0.404724	
-0.39798	
-0.399414	
-0.397614	
-0.413422	
-0.393219	
-0.383148	
-0.422272	
-0.389191	
-0.400238	
-0.384857	
-0.41037	
-0.400238	
-0.388824	
-0.376495	
-0.384827	
-0.416107	
-0.402527	
-0.405029	
-0.398712	
-0.378845	
-0.379303	
-0.394775	
-0.404938	
-0.383698	
-0.382751	
-0.382019	
-0.405396	
-0.41568	
-0.386871	
-0.387665	
-0.370483	
-0.413452	
-0.412567	
-0.385223	
-0.385101	
-0.389709	
-0.404297	
-0.396881	
-0.381866	
-0.383209	
-0.378967	
-0.397064	
-0.401886	
-0.408752	
-0.378479	
-0.389862	
-0.405487	
-0.408356	
-0.399506	
-0.357056	
-0.406769	
-0.40152	
-0.4086	
-0.380096	
-0.395966	
-0.400482	
-0.39328	
-0.403473	
-0.389771	
-0.392761	
-0.395874	
-0.39566	
-0.386505	
-0.397644	
-0.403229	
-0.380798	
-0.39743	
-0.401123	
-0.388763	
-0.382568	
-0.39505	
-0.420319	
-0.403168	
-0.408966	
-0.37854	
-0.393707	
-0.40683	
-0.401062	
-0.398224	
-0.391998	
-0.385529	
-0.389587	
-0.400085	
-0.391815	
-0.391113	
-0.386139	
-0.382568	
-0.403687	
-0.388977	
-0.392609	
-0.385284	
-0.383514	
-0.409149	
-0.391022	
-0.391113	
-0.361725	
-0.39624	
-0.392731	
-0.399506	
-0.392944	
-0.359192	
-0.389038	
-0.389801	
-0.384033	
-0.397369	
-0.406586	
-0.395203	
-0.38855	
-0.399719	
-0.368042	
-0.380493	
-0.391022	
-0.398132	
-0.407349	
-0.379944	
-0.401398	
-0.373932	
-0.3974	
-0.388245	
-0.370331	
-0.379303	
-0.391357	
-0.402161	
-0.39856	
-0.384979	
-0.374329	
-0.390808	
-0.396088	
-0.385101	
-0.398834	
-0.392212	
-0.391357	
-0.397552	
-0.40036	
-0.376465	
-0.359039	
-0.396729	
-0.39032	
-0.402649	
-0.379517	
-0.381989	
-0.379242	
-0.380096	
-0.392761	
-0.381653	
-0.380005	
-0.393097	
-0.398773	
-0.387878	
-0.382751	
-0.389008	
-0.373322	
-0.397614	
-0.393372	
-0.386963	
-0.381409	
-0.39093	
-0.412781	
-0.377655	
-0.402344	
-0.388458	
-0.398071	
-0.388489	
-0.398285	
-0.399017	
-0.379456	
-0.383057	
-0.379272	
-0.383087	
-0.375153	
-0.382385	
-0.399414	
-0.391449	
-0.385376	
-0.369812	
-0.370331	
-0.366913	
-0.407043	
-0.410645	
-0.356232	
-0.381592	
-0.374237	
-0.382141	
-0.371368	
-0.38092	
-0.379364	
-0.371399	
-0.392548	
-0.388763	
-0.368378	
-0.37207	
-0.388306	
-0.398376	
-0.382172	
-0.391968	
-0.375153	
-0.382324	
-0.372437	
-0.382965	
-0.393585	
-0.365021	
-0.382477	
-0.370087	
-0.389465	
-0.376465	
-0.391998	
-0.39563	
-0.384277	
-0.385284	
-0.376648	
-0.377319	
-0.390137	
-0.389587	
-0.382141	
-0.372101	
-0.389923	
-0.390076	
-0.379211	
-0.37323	
-0.387177	
-0.384125	
-0.370697	
-0.398438	
-0.384735	
-0.390564	
-0.369843	
-0.400757	
-0.41214	
-0.385864	
-0.366913	
-0.360016	
-0.378937	
-0.39035	
-0.393616	
-0.383575	
-0.386688	
-0.371918	
-0.363739	
-0.385498	
-0.378937	
-0.370941	
-0.362946	
-0.386078	
-0.415619	
-0.382172	
-0.375916	
-0.354187	
-0.367615	
-0.364716	
-0.380524	
-0.389862	
-0.373871	
-0.385315	
-0.372894	
-0.358124	
-0.371277	
-0.371307	
-0.373047	
-0.377533	
-0.388245	
-0.369873	
-0.387482	
-0.389648	
-0.385223	
-0.392578	
-0.352173	
-0.382294	
-0.384796	
-0.400482	
-0.368256	
-0.374451	
-0.374786	
-0.369415	
-0.386475	
-0.385864	
-0.375702	
-0.374573	
-0.380463	
-0.386078	
-0.376343	
-0.371033	
-0.369568	
-0.368073	
-0.375153	
-0.398254	
-0.393005	
-0.355774	
-0.384583	
-0.369843	
-0.376038	
-0.37085	
-0.373444	
-0.371124	
-0.390198	
-0.392914	
-0.361053	
-0.372009	
-0.38443	
-0.377411	
-0.375122	
-0.386475	
-0.382813	
-0.37262	
-0.376312	
-0.381287	
-0.380493	
-0.365936	
-0.367249	
-0.397583	
-0.375671	
-0.386353	
-0.366364	
-0.38205	
-0.379456	
-0.372192	
-0.380188	
-0.371033	
-0.369232	
-0.400574	
-0.396851	
-0.367859	
-0.383453	
-0.392731	
-0.360321	
-0.381012	
-0.38324	
-0.363159	
-0.365204	
-0.393463	
-0.393982	
-0.354095	
-0.368622	
-0.360962	
-0.39563	
-0.38324	
-0.369598	
-0.360321	
-0.359283	
-0.387024	
-0.377106	
-0.358734	
-0.362579	
-0.375244	
-0.383606	
-0.384338	
-0.399445	
-0.36261	
-0.359039	
-0.383453	
-0.397186	
-0.390076	
-0.360046	
-0.390686	
-0.368927	
-0.389526	
-0.374664	
-0.389252	
-0.38385	
-0.369934	
-0.377716	
-0.388885	
-0.387512	
-0.377655	
-0.368958	
-0.370331	
-0.377014	
-0.384674	
-0.369995	
-0.384583	
-0.391693	
-0.378265	
-0.372406	
-0.375397	
-0.397156	
-0.371918	
-0.387665	
-0.378998	
-0.384521	
-0.371216	
-0.383148	
-0.402435	
-0.372375	
-0.35907	
-0.374725	
-0.406311	
-0.393616	
-0.379852	
-0.378754	
-0.374207	
-0.381561	
-0.379852	
-0.379852	
-0.368988	
-0.365875	
-0.403839	
-0.373383	
-0.378998	
-0.361237	
-0.387177	
-0.371887	
-0.376587	
-0.375977	
-0.368286	
-0.385223	
-0.381958	
-0.372131	
-0.37796	
-0.375702	
-0.359283	
-0.369354	
-0.400452	
-0.372192	
-0.382385	
-0.388824	
-0.375092	
-0.378754	
-0.368469	
-0.386169	
-0.36734	
-0.402344	
-0.394287	
-0.383331	
-0.374603	
-0.373627	
-0.400024	
-0.394928	
-0.374817	
-0.373169	
-0.380524	
-0.379181	
-0.392303	
-0.406738	
-0.384155	
-0.376709	
-0.39093	
-0.385101	
-0.369843	
-0.354736	
-0.396942	
-0.391235	
-0.412811	
-0.378357	
-0.371368	
-0.381683	
-0.384918	
-0.385406	
-0.369629	
-0.372192	
-0.407898	
-0.402924	
-0.377136	
-0.38504	
-0.376556	
-0.358429	
-0.389923	
-0.389771	
-0.380127	
-0.39035	
-0.381287	
-0.399567	
-0.390045	
-0.380035	
-0.357178	
-0.395081	
-0.384003	
-0.374878	
-0.40097	
-0.374573	
-0.372223	
-0.399384	
-0.395599	
-0.380768	
-0.389465	
-0.388397	
-0.380463	
-0.396393	
-0.387238	
-0.38678	
-0.386566	
-0.399231	
-0.413055	
-0.364746	
-0.377045	
-0.367706	
-0.388458	
-0.376923	
-0.39035	
-0.394562	
-0.378418	
-0.403656	
-0.392639	
-0.359741	
-0.359772	
-0.384094	
-0.39267	
-0.382477	
-0.385071	
-0.377655	
-0.385864	
-0.381592	
-0.391907	
-0.38092	
-0.354095	
-0.395111	
-0.392212	
-0.41626	
-0.397034	
-0.393158	
-0.385162	
-0.374573	
-0.390747	
-0.403046	
-0.388367	
-0.390137	
-0.397095	
-0.405304	
-0.386597	
-0.387848	
-0.380524	
-0.398834	
-0.406708	
-0.397186	
-0.387177	
-0.369507	
-0.405365	
-0.393127	
-0.408112	
-0.380646	
-0.379883	
-0.388672	
-0.391937	
-0.397339	
-0.382568	
-0.390503	
-0.399597	
-0.396942	
-0.382355	
-0.391327	
-0.389282	
-0.385437	
-0.392639	
-0.387024	
-0.378998	
-0.378357	
-0.406158	
-0.433502	
-0.393097	
-0.377563	
-0.367432	
-0.403107	
-0.394958	
-0.382507	
-0.385406	
-0.386749	
-0.410553	
-0.396088	
-0.37973	
-0.378265	
-0.378418	
-0.38028	
-0.400238	
-0.417419	
-0.385803	
-0.373291	
-0.383179	
-0.395142	
-0.407684	
-0.385773	
-0.390991	
-0.382813	
-0.398651	
-0.386353	
-0.398315	
-0.39679	
-0.378632	
-0.39325	
-0.413635	
-0.409454	
-0.401215	
-0.397522	
-0.392975	
-0.384918	
-0.39386	
-0.393066	
-0.401306	
-0.419647	
-0.408478	
-0.37793	
-0.364624	
-0.412872	
-0.388031	
-0.405273	
-0.398834	
-0.395294	
-0.392059	
-0.404388	
-0.398956	
-0.370422	
-0.378418	
-0.392334	
-0.400513	
-0.396301	
-0.394714	
-0.389984	
-0.386932	
-0.397614	
-0.38446	
-0.384186	
-0.391418	
-0.393219	
-0.407013	
-0.40451	
-0.413513	
-0.387268	
-0.390381	
-0.383789	
-0.381866	
-0.394531	
-0.388489	
-0.39328	
-0.407104	
-0.39566	
-0.385132	
-0.384155	
-0.39328	
-0.399261	
-0.413208	
-0.405243	
-0.391785	
-0.394165	
-0.408478	
-0.417816	
-0.378235	
-0.401886	
-0.378937	
-0.406586	
-0.396301	
-0.404114	
-0.396637	
-0.390594	
-0.413666	
-0.393768	
-0.363037	
-0.374207	
-0.410095	
-0.405212	
-0.402405	
-0.407928	
-0.382996	
-0.389038	
-0.394745	
-0.397217	
-0.391541	
-0.369202	
-0.384125	
-0.3992	
-0.418091	
-0.383453	
-0.397675	
-0.393311	
-0.383881	
-0.402954	
-0.41449	
-0.403625	
-0.398834	
-0.399414	
-0.408875	
-0.403229	
-0.395813	
-0.389587	
-0.403442	
-0.408752	
-0.403625	
-0.389862	
-0.364929	
-0.416443	
-0.391998	
-0.397217	
-0.400726	
-0.409882	
-0.384033	
-0.382904	
-0.402588	
-0.369049	
-0.398193	
-0.413605	
-0.398376	
-0.377594	
-0.385254	
-0.398407	
-0.400574	
-0.402161	
-0.380981	
-0.385864	
-0.407349	
-0.414307	
-0.406281	
-0.378632	
-0.408997	
-0.394073	
-0.393829	
-0.378845	
-0.392456	
-0.399292	
-0.384491	
-0.405884	
-0.396973	
-0.376129	
-0.376495	
-0.394836	
-0.39505	
-0.395813	
-0.401886	
-0.389038	
-0.395233	
-0.386902	
-0.386475	
-0.411346	
-0.383972	
-0.400269	
-0.387299	
-0.400757	
-0.375885	
-0.392944	
-0.402527	
-0.392914	
-0.409943	
-0.408997	
-0.388275	
-0.380646	
-0.40097	
-0.408569	
-0.39325	
-0.394073	
-0.392242	
-0.392426	
-0.400177	
-0.409973	
-0.396576	
-0.374084	
-0.412628	
-0.394043	
-0.408081	
-0.384583	
-0.38266	
-0.391998	
-0.416168	
-0.415955	
-0.38147	
-0.381927	
-0.399445	
-0.406952	
-0.378021	
-0.389435	
-0.404907	
-0.380463	
-0.378418	
-0.384583	
-0.381561	
-0.38681	
-0.397614	
-0.409058	
-0.372192	
-0.389252	
-0.380188	
-0.39447	
-0.399475	
-0.387848	
-0.397369	
-0.378448	
-0.375122	
-0.397278	
-0.398773	
-0.392578	
-0.382172	
-0.388489	
-0.392029	
-0.398102	
-0.389893	
-0.384277	
-0.371216	
-0.394684	
-0.425476	
-0.384552	
-0.397247	
-0.381104	
-0.395447	
-0.376831	
-0.392822	
-0.382477	
-0.37796	
-0.415405	
-0.406616	
-0.383789	
-0.386963	
-0.393402	
-0.381866	
-0.38678	
-0.399689	
-0.381592	
-0.388428	
-0.398285	
-0.386414	
-0.383514	
-0.374542	
-0.397186	
-0.379425	
-0.396698	
-0.372314	
-0.36496	
-0.371582	
-0.387329	
-0.411987	
-0.391388	
-0.383301	
-0.393158	
-0.375641	
-0.382538	
-0.395935	
-0.396576	
-0.392853	
-0.412079	
-0.385651	
-0.391235	
-0.391693	
-0.35611	
-0.390686	
-0.405334	
-0.41217	
-0.388916	
-0.393494	
-0.383972	
-0.388062	
-0.392731	
-0.351654	
-0.37088	
-0.402924	
-0.396393	
-0.380188	
-0.383392	
-0.38443	
-0.375977	
-0.378571	
-0.366608	
-0.378326	
-0.38327	
-0.380554	
-0.402405	
-0.376129	
-0.391266	
-0.365173	
-0.377655	
-0.371094	
-0.387268	
-0.387512	
-0.377991	
-0.391266	
-0.386169	
-0.369781	
-0.38559	
-0.396301	
-0.378632	
-0.376678	
-0.389221	
-0.371124	
-0.382172	
-0.387634	
-0.390442	
-0.38736	
-0.358795	
-0.375824	
-0.369293	
-0.398621	
-0.389435	
-0.384247	
-0.371948	
-0.369476	
-0.401459	
-0.388092	
-0.381165	
-0.382629	
-0.383545	
-0.384064	
-0.391754	
-0.385773	
-0.366364	
-0.374786	
-0.395721	
-0.391785	
-0.381744	
-0.362	
-0.393829	
-0.36908	
-0.400635	
-0.402557	
-0.396484	
-0.373779	
-0.367981	
-0.389557	
-0.37027	
-0.369293	
-0.400513	
-0.394135	
-0.38382	
-0.383759	
-0.384125	
-0.368927	
-0.380859	
-0.371765	
-0.363708	
-0.365356	
-0.380676	
-0.405975	
-0.383301	
-0.37616	
-0.355408	
-0.370605	
-0.368927	
-0.377594	
-0.397003	
-0.367645	
-0.361847	
-0.386383	
-0.382538	
-0.359314	
-0.368988	
-0.375916	
-0.371216	
-0.392944	
-0.397308	
-0.378418	
-0.369507	
-0.379303	
-0.4039	
-0.375214	
-0.378052	
-0.361877	
-0.401642	
-0.391937	
-0.378052	
-0.373566	
-0.364868	
-0.383087	
-0.383301	
-0.361847	
-0.370758	
-0.398254	
-0.384491	
-0.37326	
-0.383606	
-0.358337	
-0.375916	
-0.398285	
-0.380219	
-0.385864	
-0.380341	
-0.379425	
-0.354309	
-0.388855	
-0.360352	
-0.369263	
-0.388245	
-0.369049	
	
