E:\DOCUMENTS AND SETTINGS\JPOTAS\MEUS DOCUMENTOS\UFRJ\RSCI-BM 12 WK SERIES\070723-RSCI-BM-06\RSCI-BM-06-LSN\070723-RSCI-BM-LSN-0024.ACQ
0.025000 msec/sample
1 channel
Analog input
Volts
CH1	
2000	
-0.381195	
-0.38858	
-0.389709	
-0.400818	
-0.391174	
-0.380066	
-0.403656	
-0.398315	
-0.405518	
-0.394958	
-0.369598	
-0.386963	
-0.40741	
-0.395538	
-0.400391	
-0.395355	
-0.399567	
-0.408203	
-0.384033	
-0.379181	
-0.396851	
-0.391602	
-0.406891	
-0.428436	
-0.411499	
-0.387573	
-0.376709	
-0.364655	
-0.398346	
-0.434662	
-0.402557	
-0.382782	
-0.391113	
-0.398102	
-0.381653	
-0.380798	
-0.398224	
-0.410522	
-0.395355	
-0.380341	
-0.387451	
-0.388397	
-0.389954	
-0.393372	
-0.401001	
-0.391846	
-0.382904	
-0.406433	
-0.38089	
-0.360229	
-0.415894	
-0.427032	
-0.372467	
-0.362823	
-0.398834	
-0.394012	
-0.403931	
-0.407654	
-0.373077	
-0.380249	
-0.403137	
-0.406921	
-0.387848	
-0.373291	
-0.410248	
-0.422638	
-0.391113	
-0.376251	
-0.382874	
-0.386993	
-0.409882	
-0.412659	
-0.392273	
-0.385254	
-0.358887	
-0.386871	
-0.418793	
-0.396454	
-0.386078	
-0.373627	
-0.374115	
-0.404236	
-0.412659	
-0.381409	
-0.363007	
-0.36734	
-0.389038	
-0.41684	
-0.399841	
-0.378448	
-0.362579	
-0.372009	
-0.375336	
-0.391907	
-0.393799	
-0.382599	
-0.406677	
-0.38916	
-0.356201	
-0.353607	
-0.357758	
-0.392883	
-0.428711	
-0.391541	
-0.352814	
-0.376678	
-0.383087	
-0.360718	
-0.376465	
-0.402344	
-0.394714	
-0.381256	
-0.383636	
-0.373535	
-0.353455	
-0.375702	
-0.389252	
-0.388885	
-0.384827	
-0.388428	
-0.38092	
-0.370728	
-0.364197	
-0.378143	
-0.398712	
-0.387207	
-0.378326	
-0.397369	
-0.384583	
-0.356598	
-0.369324	
-0.390869	
-0.371124	
-0.381592	
-0.397064	
-0.37854	
-0.369781	
-0.381104	
-0.376465	
-0.37381	
-0.377625	
-0.368683	
-0.396179	
-0.407898	
-0.385925	
-0.355682	
-0.359589	
-0.39032	
-0.389771	
-0.371735	
-0.404694	
-0.397888	
-0.349243	
-0.37085	
-0.399323	
-0.371552	
-0.380676	
-0.383606	
-0.374146	
-0.377991	
-0.371216	
-0.38501	
-0.406952	
-0.372986	
-0.341766	
-0.370514	
-0.396393	
-0.390717	
-0.37558	
-0.388611	
-0.373871	
-0.367767	
-0.36084	
-0.36853	
-0.393158	
-0.397064	
-0.382294	
-0.373016	
-0.368958	
-0.372284	
-0.373718	
-0.379395	
-0.375977	
-0.368622	
-0.378967	
-0.38559	
-0.369873	
-0.373169	
-0.390991	
-0.368195	
-0.367462	
-0.385132	
-0.37439	
-0.351624	
-0.367859	
-0.392059	
-0.380341	
-2.4942	
-3.32901	
-1.82397	
-1.40662	
-1.20584	
-1.08145	
3.26526	
2.37637	
0.706238	
0.173798	
-0.0137939	
-0.142242	
-0.201782	
-0.210419	
-0.259857	
-0.261383	
-0.2547	
-0.275604	
-0.296448	
-0.304199	
-0.322205	
-0.321808	
-0.315826	
-0.310181	
-0.324432	
-0.332886	
-0.350494	
-0.352295	
-0.329041	
-0.300629	
-0.294983	
-0.272736	
-0.233002	
-0.246002	
-0.268097	
-0.282928	
-0.295074	
-0.305359	
-0.325836	
-0.380035	
-0.433411	
-0.452667	
-0.477783	
-0.458374	
-0.43927	
-0.454285	
-0.441132	
-0.444244	
-0.466949	
-0.477112	
-0.486206	
-0.486053	
-0.463226	
-0.449951	
-0.441284	
-0.427124	
-0.459137	
-0.465881	
-0.447144	
-0.424438	
-0.424866	
-0.415466	
-0.377686	
-0.400085	
-0.438293	
-0.409912	
-0.369476	
-0.380524	
-0.372925	
-0.359497	
-0.380127	
-0.365692	
-0.364777	
-0.38205	
-0.367279	
-0.368622	
-0.371826	
-0.348389	
-0.333374	
-0.374115	
-0.383026	
-0.382141	
-0.374084	
-0.338745	
-0.35434	
-0.376862	
-0.346405	
-0.358063	
-0.403717	
-0.379852	
-0.356903	
-0.36087	
-0.351196	
-0.376801	
-0.412018	
-0.398468	
-0.382202	
-0.344757	
-0.372681	
-0.395874	
-0.377991	
-0.386353	
-0.411835	
-0.373657	
-0.376831	
-0.390106	
-0.359619	
-0.385406	
-0.413666	
-0.384949	
-0.376923	
-0.363373	
-0.382172	
-0.387329	
-0.363983	
-0.377289	
-0.39093	
-0.377838	
-0.39267	
-0.386566	
-0.348267	
-0.37854	
-0.389282	
-0.385071	
-0.396454	
-0.375519	
-0.358063	
-0.393158	
-0.391357	
-0.368835	
-0.394135	
-0.402649	
-0.381958	
-0.365753	
-0.377991	
-0.385559	
-0.385651	
-0.389404	
-0.392029	
-0.376038	
-0.385162	
-0.379578	
-0.372925	
-0.381561	
-0.385773	
-0.391602	
-0.404999	
-0.379608	
-0.36145	
-0.369751	
-0.370911	
-0.382874	
-0.386444	
-0.378693	
-0.402405	
-0.387543	
-0.35788	
-0.363556	
-0.364349	
-0.372253	
-0.405945	
-0.398041	
-0.38501	
-0.401611	
-0.355438	
-0.350098	
-0.40863	
-0.406647	
-0.371124	
-0.378784	
-0.382202	
-0.384521	
-0.386963	
-0.379333	
-0.378937	
-0.406677	
-0.391632	
-0.369263	
-0.407654	
-0.39856	
-0.374573	
-0.399353	
-0.406403	
-0.377655	
-0.397186	
-0.406982	
-0.379517	
-0.384949	
-0.432281	
-0.396484	
-0.373444	
-0.384766	
-0.407562	
-0.40799	
-0.398132	
-0.393494	
-0.381439	
-0.376099	
-0.412292	
-0.410614	
-0.361298	
-0.380859	
-0.39743	
-0.382446	
-0.406372	
-0.385193	
-0.363586	
-0.394043	
-0.389618	
-0.412384	
-0.415863	
-0.369537	
-0.34494	
-0.382813	
-0.405243	
-0.420105	
-0.39856	
-0.368408	
-0.382935	
-0.395111	
-0.391602	
-0.395782	
-0.383179	
-0.382965	
-0.3974	
-0.402863	
-0.391479	
-0.39621	
-0.386536	
-0.38092	
-0.398285	
-0.387604	
-0.38501	
-0.398773	
-0.418823	
-0.404449	
-0.383087	
-0.366486	
-0.375214	
-0.406158	
-0.403564	
-0.390533	
-0.404327	
-0.391388	
-0.376953	
-0.390503	
-0.395264	
-0.370972	
-0.374573	
-0.414307	
-0.41449	
-0.388672	
-0.390869	
-0.403839	
-0.372009	
-0.380127	
-0.394257	
-0.410767	
-0.425079	
-0.399841	
-0.365143	
-0.393555	
-0.398926	
-0.377716	
-0.408783	
-0.420074	
-0.382507	
-0.397247	
-0.416718	
-0.390625	
-0.380585	
-0.407928	
-0.393433	
-0.386963	
-0.41748	
-0.411316	
-0.40451	
-0.378754	
-0.373779	
-0.387024	
-0.406769	
-0.433807	
-0.405212	
-0.370422	
-0.395203	
-0.406799	
-0.360443	
-0.391479	
-0.430573	
-0.400909	
-0.398651	
-0.388916	
-0.374512	
-0.387787	
-0.400818	
-0.410248	
-0.402771	
-0.403046	
-0.383026	
-0.397522	
-0.407898	
-0.385986	
-0.383331	
-0.405334	
-0.405334	
-0.379242	
-0.396606	
-0.420624	
-0.405334	
-0.395721	
-0.378174	
-0.379974	
-0.416351	
-0.432678	
-0.404083	
-0.389343	
-0.391785	
-0.381409	
-0.412262	
-0.416687	
-0.399536	
-0.408966	
-0.400696	
-0.386963	
-0.41745	
-0.404388	
-0.382782	
-0.39621	
-0.411652	
-0.414886	
-0.399353	
-0.387726	
-0.408875	
-0.415131	
-0.410583	
-0.4104	
-0.38736	
-0.378296	
-0.414917	
-0.433502	
-0.391724	
-0.385651	
-0.417755	
-0.418121	
-0.394775	
-0.408661	
-0.399414	
-0.38385	
-0.42627	
-0.426453	
-0.383789	
-0.391815	
-0.404053	
-0.393738	
-0.407776	
-0.420227	
-0.406311	
-0.403168	
-0.394867	
-0.369476	
-0.385956	
-0.417877	
-0.410004	
-0.389771	
-0.417664	
-0.40564	
-0.366394	
-0.377411	
-0.401825	
-0.421112	
-0.431519	
-0.404816	
-0.391815	
-0.395538	
-0.383026	
-0.39212	
-0.421661	
-0.4245	
-0.420441	
-0.424164	
-0.408539	
-0.386261	
-0.383789	
-0.403076	
-0.417603	
-0.405609	
-0.415222	
-0.420868	
-0.385315	
-0.384644	
-0.394409	
-0.406006	
-0.42157	
-0.418182	
-0.408569	
-0.411102	
-0.384735	
-0.371765	
-0.419891	
-0.41626	
-0.397888	
-0.399628	
-0.401703	
-0.397644	
-0.390717	
-0.387421	
-0.409027	
-0.410767	
-0.406921	
-0.412445	
-0.418152	
-0.40332	
-0.384003	
-0.377899	
-0.409851	
-0.424957	
-0.413849	
-0.402893	
-0.402985	
-0.41037	
-0.395966	
-0.387726	
-0.42691	
-0.435608	
-0.418549	
-0.4133	
-0.384186	
-0.364777	
-0.406647	
-0.440002	
-0.415985	
-0.408478	
-0.378815	
-0.389648	
-0.399292	
-0.399567	
-0.417603	
-0.402588	
-0.390808	
-0.406555	
-0.387085	
-0.371857	
-0.407654	
-0.402893	
-0.391205	
-0.406189	
-0.400909	
-0.402924	
-0.402496	
-0.397339	
-0.407318	
-0.4021	
-0.407745	
-0.418121	
-0.398621	
-0.376373	
-0.394104	
-0.41333	
-0.427094	
-0.401764	
-0.388794	
-0.396545	
-0.398773	
-0.40387	
-0.401367	
-0.400879	
-0.415344	
-0.3909	
-0.384705	
-0.4104	
-0.393982	
-0.391327	
-0.401367	
-0.39801	
-0.392731	
-0.401398	
-0.3927	
-0.391571	
-0.400269	
-0.394775	
-0.398682	
-0.401794	
-0.395355	
-0.38678	
-0.392731	
-0.40567	
-0.389526	
-0.378815	
-0.404694	
-0.412537	
-0.396484	
-0.399109	
-0.387878	
-0.371613	
-0.398895	
-0.402405	
-0.412079	
-0.410126	
-0.382599	
-0.371521	
-0.394104	
-0.41333	
-0.414307	
-0.39682	
-0.389893	
-0.3927	
-0.385468	
-0.380707	
-0.405182	
-0.403625	
-0.387543	
-0.401581	
-0.413818	
-0.398193	
-0.374512	
-0.384796	
-0.40329	
-0.389313	
-0.389191	
-0.417023	
-0.383453	
-0.360535	
-0.407715	
-0.413208	
-0.373962	
-0.400604	
-0.401337	
-0.367981	
-0.401276	
-0.41925	
-0.384796	
-0.371704	
-0.393982	
-0.40033	
-0.396698	
-0.404541	
-0.406067	
-0.390717	
-0.394897	
-0.391693	
-0.374786	
-0.390411	
-0.386139	
-0.378265	
-0.425964	
-0.404999	
-0.374329	
-0.385468	
-0.36377	
-0.379211	
-0.421753	
-0.3927	
-0.379578	
-0.38797	
-0.378998	
-0.394531	
-0.384552	
-0.358551	
-0.395203	
-0.405151	
-0.375	
-0.389099	
-0.378174	
-0.376495	
-0.401184	
-0.390198	
-0.357422	
-0.366608	
-0.379181	
-0.395355	
-0.411133	
-0.376495	
-0.358429	
-0.388367	
-0.392578	
-0.373566	
-0.379425	
-0.396027	
-0.398987	
-0.386475	
-0.391266	
-0.386932	
-0.351257	
-0.353516	
-0.397278	
-0.382843	
-0.395966	
-0.408783	
-0.382141	
-0.360596	
-0.371033	
-0.371704	
-0.390045	
-0.401428	
-0.379517	
-0.384888	
-0.394531	
-0.362396	
-0.364044	
-0.397614	
-0.378082	
-0.356781	
-0.401917	
-0.401764	
-0.374725	
-0.388	
-0.371948	
-0.354736	
-0.371094	
-0.393768	
-0.402649	
-0.399628	
-0.367249	
-0.366425	
-0.379456	
-0.383881	
-0.398529	
-0.386536	
-0.390198	
-0.408569	
-0.371399	
-0.353607	
-0.391541	
-0.393677	
-0.39444	
-0.402863	
-0.381989	
-0.371643	
-0.382599	
-0.366699	
-0.389984	
-0.39389	
-0.37088	
-0.371338	
-0.388458	
-0.375275	
-0.366882	
-0.378021	
-0.387238	
-0.380463	
-0.376404	
-0.3703	
-0.394836	
-0.397888	
-0.363525	
-0.350067	
-0.365387	
-0.379852	
-0.395874	
-0.3927	
-0.373138	
-0.370087	
-0.362946	
-0.374939	
-0.387207	
-0.379303	
-0.378571	
-0.374908	
-0.362915	
-0.385803	
-0.38269	
-0.354401	
-0.38031	
-0.398315	
-0.3685	
-0.369629	
-0.382874	
-0.379974	
-0.380371	
-0.375305	
-0.374176	
-0.358643	
-0.367523	
-0.396362	
-0.395752	
-0.346375	
-0.364594	
-0.384705	
-0.358215	
-0.37851	
-0.389374	
-0.359131	
-0.360626	
-0.392273	
-0.381165	
-0.374451	
-0.378326	
-0.356659	
-0.357971	
-0.383789	
-0.398834	
-0.391449	
-0.379883	
-0.365875	
-0.356018	
-0.376587	
-0.368927	
-0.371521	
-0.398468	
-0.40332	
-0.368622	
-0.363159	
-0.365204	
-0.361206	
-0.381531	
-0.388397	
-0.389343	
-0.399811	
-0.36026	
-0.341522	
-0.378845	
-0.371979	
-0.363586	
-0.397217	
-0.397247	
-0.362671	
-0.368774	
-0.364044	
-0.362701	
-0.353149	
-0.379395	
-0.412659	
-0.382202	
-0.351349	
-0.368225	
-0.354309	
-0.364838	
-0.391235	
-0.380157	
-0.378418	
-0.388458	
-0.366089	
-0.366943	
-0.391235	
-0.392365	
-0.366608	
-0.377319	
-0.390045	
-0.381927	
-0.388275	
-0.377167	
-0.36734	
-0.369537	
-0.383545	
-0.376312	
-0.401337	
-0.395447	
-0.350616	
-0.353851	
-0.380402	
-0.377777	
-0.377625	
-0.373352	
-0.379303	
-0.374146	
-0.345581	
-0.34671	
-0.389893	
-0.37973	
-0.387512	
-0.395966	
-0.332458	
-0.355499	
-0.388184	
-0.378479	
-0.391968	
-0.383881	
-0.359283	
-0.371155	
-0.364929	
-0.375702	
-0.400482	
-0.39212	
-0.392944	
-0.37674	
-0.338959	
-0.377991	
-0.397064	
-0.38443	
-0.38797	
-0.379517	
-0.369141	
-0.369354	
-0.386963	
-0.385406	
-0.383209	
-0.381653	
-0.40097	
-0.398926	
-0.36731	
-0.36853	
-0.374603	
-0.38266	
-0.40271	
-0.388275	
-0.381927	
-0.372833	
-0.376343	
-0.378418	
-0.382416	
-0.397247	
-0.384003	
-0.360382	
-0.386871	
-0.412079	
-0.363495	
-0.376526	
-0.391876	
-0.384033	
-0.395813	
-0.389954	
-0.370544	
-0.372345	
-0.390869	
-0.397522	
-0.383667	
-0.376434	
-0.394409	
-0.383972	
-0.360748	
-0.379608	
-0.377533	
-0.378174	
-0.404053	
-0.400909	
-0.387939	
-0.356934	
-0.354584	
-0.38681	
-0.397156	
-0.384888	
-0.399414	
-0.396606	
-0.348267	
-0.360931	
-0.388062	
-0.380402	
-0.378662	
-0.389679	
-0.385376	
-0.385193	
-0.383606	
-0.364502	
-0.370239	
-0.389771	
-0.374847	
-0.39444	
-0.417725	
-0.386078	
-0.356354	
-0.392456	
-0.391846	
-0.37619	
-0.402039	
-0.400848	
-0.368256	
-0.387207	
-0.397339	
-0.380554	
-0.365021	
-0.382935	
-0.394379	
-0.387817	
-0.391296	
-0.400024	
-0.370941	
-0.361359	
-0.403076	
-0.383911	
-0.36795	
-0.392761	
-0.385162	
-0.375305	
-0.389679	
-0.372437	
-0.384308	
-0.392639	
-0.364227	
-0.388916	
-0.413757	
-0.382355	
-0.365662	
-0.376556	
-0.383728	
-0.403992	
-0.396301	
-0.38974	
-0.389709	
-0.402557	
-0.398468	
-0.37973	
-0.371887	
-0.401031	
-0.411438	
-0.396576	
-0.390503	
-0.394012	
-0.369476	
-0.391449	
-0.416168	
-0.411072	
-0.393066	
-0.386353	
-0.383453	
-0.401001	
-0.390411	
-0.388672	
-0.408966	
-0.404449	
-0.39447	
-0.387756	
-0.367249	
-0.371552	
-0.395477	
-0.419495	
-0.436707	
-0.385864	
-0.371948	
-0.390808	
-0.38031	
-0.380646	
-0.423737	
-0.411102	
-0.39032	
-0.395416	
-0.371704	
-0.39447	
-0.417419	
-0.380676	
-0.383698	
-0.428436	
-0.397736	
-0.387604	
-0.428558	
-0.392273	
-0.355804	
-0.388794	
-0.415344	
-0.413269	
-0.408447	
-0.413055	
-0.37738	
-0.367462	
-0.384491	
-0.413757	
-0.409576	
-0.398438	
-0.406342	
-0.388611	
-0.378021	
-0.404297	
-0.37912	
-0.385132	
-0.428375	
-0.405426	
-0.36734	
-0.386505	
-0.380035	
-0.3974	
-0.430511	
-0.39209	
-0.400024	
-0.402618	
-0.384918	
-0.386932	
-0.392975	
-0.402832	
-0.405792	
-0.421844	
-0.390747	
-0.374207	
-0.388062	
-0.408081	
-0.409058	
-0.395233	
-0.383392	
-0.401093	
-0.420807	
-0.41098	
-0.392944	
-0.393158	
-0.388824	
-0.39386	
-0.402252	
-0.43161	
-0.41098	
-0.378082	
-0.387939	
-0.394104	
-0.413025	
-0.408875	
-0.387726	
-0.404816	
-0.409637	
-0.398193	
-0.389893	
-0.39267	
-0.409943	
-0.405396	
-0.386597	
-0.400421	
-0.395416	
-0.383545	
-0.431915	
-0.422455	
-0.386017	
-0.383392	
-0.407104	
-0.409729	
-0.397858	
-0.411591	
-0.411407	
-0.384308	
-0.407318	
-0.432312	
-0.3862	
-0.391632	
-0.421814	
-0.409149	
-0.412018	
-0.424866	
-0.390503	
-0.378174	
-0.39566	
-0.388245	
-0.391357	
-0.43396	
-0.404266	
-0.382507	
-0.406525	
-0.390717	
-0.373993	
-0.400543	
-0.418671	
-0.411926	
-0.405334	
-0.387634	
-0.37851	
-0.400085	
-0.395813	
-0.404663	
-0.427246	
-0.409607	
-0.388153	
-0.401276	
-0.396301	
-0.386322	
-0.409851	
-0.419373	
-0.421356	
-0.393616	
-0.395752	
-0.417786	
-0.378754	
-0.369324	
-0.43222	
-0.42157	
-0.401642	
-0.405426	
-0.393829	
-0.384369	
-0.389984	
-0.404358	
-0.419403	
-0.414398	
-0.394653	
-0.382599	
-0.390137	
-0.409332	
-0.384369	
-0.380493	
-0.423126	
-0.411804	
-0.38031	
-0.411804	
-0.397949	
-0.381897	
-0.396637	
-0.393677	
-0.407379	
-0.433624	
-0.401855	
-0.377808	
-0.411102	
-0.404846	
-0.385101	
-0.415344	
-0.420715	
-0.424103	
-0.40329	
-0.375214	
-0.394318	
-0.405151	
-0.417236	
-0.430023	
-0.40329	
-0.362274	
-0.398193	
-0.412079	
-0.417572	
-0.428589	
-0.395935	
-0.39679	
-0.391693	
-0.373688	
-0.39917	
-0.402008	
-0.409454	
-0.427673	
-0.37793	
-0.367828	
-0.413666	
-0.389832	
-0.390778	
-0.425659	
-0.385193	
-0.397156	
-0.407898	
-0.388611	
-0.384583	
-0.387024	
-0.394989	
-0.424988	
-0.415375	
-0.355713	
-0.378601	
-0.409882	
-0.391998	
-0.396271	
-0.409729	
-0.381927	
-0.386566	
-0.410065	
-0.386871	
-0.410248	
-0.417938	
-0.358948	
-0.385468	
-0.417114	
-0.396606	
-0.378082	
-0.395538	
-0.404114	
-0.402802	
-0.389313	
-0.387573	
-0.388733	
-0.38739	
-0.402557	
-0.402283	
-0.380798	
-0.392334	
-0.39978	
-0.389282	
-0.391693	
-0.38858	
-0.381927	
-0.391876	
-0.408966	
-0.410248	
-0.40686	
-0.367493	
-0.378723	
-0.4021	
-0.388428	
-0.409241	
-0.418671	
-0.400879	
-0.370605	
-0.382355	
-0.401276	
-0.394379	
-0.388245	
-0.389862	
-0.405975	
-0.405884	
-0.39325	
-0.391785	
-0.391846	
-0.382935	
-0.373322	
-0.415527	
-0.406769	
-0.38205	
-0.394623	
-0.380615	
-0.365936	
-0.406128	
-0.428802	
-0.359863	
-0.370148	
-0.420044	
-0.393555	
-0.388092	
-0.394226	
-0.377533	
-0.374451	
-0.408752	
-0.425232	
-0.390106	
-0.379395	
-0.40799	
-0.403717	
-0.372772	
-0.391266	
-0.393616	
-0.39975	
-0.414032	
-0.374786	
-0.376373	
-0.401062	
-0.381836	
-0.38739	
-0.41626	
-0.388611	
-0.376282	
-0.381134	
-0.367065	
-0.394196	
-0.397491	
-0.37146	
-0.38147	
-0.388824	
-0.388489	
-0.397034	
-0.372375	
-0.35788	
-0.395538	
-0.386108	
-0.384003	
-0.398071	
-0.366058	
-0.370483	
-0.383362	
-0.381866	
-0.391144	
-0.386444	
-0.381439	
-0.389343	
-0.382141	
-0.363434	
-0.364563	
-0.394348	
-0.408966	
-0.379852	
-0.370453	
-0.389618	
-0.359833	
-0.36026	
-0.404755	
-0.400269	
-0.369843	
-0.393524	
-0.372925	
-0.360138	
-0.39447	
-0.392181	
-0.37381	
-0.381561	
-0.365601	
-0.375336	
-0.404419	
-0.374786	
-0.360901	
-0.391449	
-0.37384	
-0.355133	
-0.397766	
-0.412201	
-0.361908	
-0.351166	
-0.381958	
-0.370392	
-0.371307	
-0.392731	
-0.390503	
-0.368225	
-0.359314	
-0.378571	
-0.398956	
-0.391479	
-0.389343	
-0.378845	
-0.372772	
-0.394287	
-0.386047	
-0.359802	
-0.398621	
-0.406097	
-0.3815	
-0.380829	
-0.369873	
-0.371124	
-0.39267	
-0.385254	
-0.366364	
-0.394043	
-0.374817	
-0.374664	
-0.390594	
-0.355865	
-0.361664	
-0.391937	
-0.383484	
-0.368225	
-0.378296	
-0.377533	
-0.368744	
-0.369934	
-0.353638	
-0.369629	
-0.393097	
-0.390137	
-0.38913	
-0.367462	
-0.36203	
-0.365234	
-0.371338	
-0.385925	
-0.394073	
-0.370483	
-0.349487	
-0.383484	
-0.377197	
-0.371033	
-0.375885	
-0.366669	
-0.386658	
-0.404755	
-0.357819	
-0.346741	
-0.388489	
-0.391876	
-0.377045	
-0.372711	
-0.359314	
-0.366669	
-0.378723	
-0.403992	
-0.387665	
-0.339325	
-0.359619	
-0.401672	
-0.373047	
-0.363953	
-0.392517	
-0.36026	
-0.36084	
-0.391937	
-0.363037	
-0.351166	
-0.382416	
-0.381897	
-0.361481	
-0.385956	
-0.391785	
-0.376984	
-0.373688	
-0.352234	
-0.369843	
-0.398102	
-0.383759	
-0.357361	
-0.384155	
-0.396179	
-0.357361	
-0.353699	
-0.372192	
-0.402557	
-0.403748	
-0.367249	
-0.357849	
-0.384521	
-0.368164	
-0.347321	
-0.394226	
-0.406982	
-0.36264	
-0.367249	
-0.375793	
-0.369812	
-0.354828	
-0.374725	
-0.397461	
-0.369293	
-0.364929	
-0.400269	
-0.375885	
-0.333069	
-0.367737	
-0.393005	
-0.374115	
-0.37851	
-0.386017	
-0.375977	
-0.360809	
-0.362305	
-0.394165	
-0.392517	
-0.379822	
-0.373718	
-0.375061	
-0.3797	
-0.384186	
-0.361755	
-0.375946	
-0.39151	
-0.371155	
-0.376038	
-0.397766	
-0.375946	
-0.35907	
-0.371338	
-0.363037	
-0.386353	
-0.391571	
-0.361145	
-0.37265	
-0.389954	
-0.358887	
-0.35202	
-0.378571	
-0.38736	
-0.375641	
-0.36969	
-0.352997	
-0.364868	
-0.375916	
-0.391113	
-0.388947	
-0.368683	
-0.356049	
-0.352783	
-0.372162	
-0.391663	
-0.386688	
-0.386963	
-0.386108	
-0.360565	
-0.354156	
-0.365051	
-0.382263	
-0.415497	
-0.391388	
-0.357178	
-0.376556	
-0.37558	
-0.363922	
-0.391693	
-0.391876	
-0.364716	
-0.384949	
-0.388153	
-0.374298	
-0.373718	
-0.373322	
-0.387817	
-0.392273	
-0.376038	
-0.368622	
-0.38736	
-0.371643	
-0.367981	
-0.395233	
-0.397278	
-0.372284	
-0.363617	
-0.360718	
-0.394043	
-0.419922	
-0.37796	
-0.345215	
-0.399963	
-0.403595	
-0.364532	
-0.364624	
-0.375519	
-0.397095	
-0.397644	
-0.385284	
-0.383636	
-0.361603	
-0.377899	
-0.408661	
-0.372009	
-0.358612	
-0.411316	
-0.403107	
-0.374878	
-0.380096	
-0.371033	
-0.368591	
-0.372437	
-0.40332	
-0.419891	
-0.372894	
-0.350464	
-0.38739	
-0.38269	
-0.371216	
-0.401093	
-0.394165	
-0.369263	
-0.365143	
-0.373016	
-0.378723	
-0.381531	
-0.373779	
-0.367981	
-0.412415	
-0.405487	
-0.356323	
-0.382233	
-0.388489	
-0.362854	
-0.381073	
-0.400543	
-0.38504	
-0.3815	
-0.386444	
-0.355194	
-0.377411	
-0.417725	
-0.399475	
-0.365601	
-0.369019	
-0.392181	
-0.392883	
-0.375549	
-0.381897	
-0.382019	
-0.377319	
-0.412994	
-0.406158	
-0.340881	
-0.370636	
-0.402679	
-0.377563	
-0.3974	
-0.387543	
-0.373596	
-0.397797	
-0.393829	
-0.378021	
-0.390656	
-0.372375	
-0.365875	
-0.41037	
-0.419312	
-0.391266	
-0.37854	
-0.364594	
-0.388733	
-0.416534	
-0.390686	
-0.384735	
-0.408478	
-0.393097	
-0.388336	
-0.383453	
-0.374756	
-0.394623	
-0.402649	
-0.385803	
-0.407898	
-0.402618	
-0.36911	
-0.389038	
-0.393585	
-0.398712	
-0.412689	
-0.383881	
-0.391693	
-0.408173	
-0.375305	
-0.3797	
-0.401947	
-0.386627	
-0.400604	
-0.415131	
-0.39563	
-0.38031	
-0.371307	
-0.406097	
-0.413788	
-0.384521	
-0.40097	
-0.406952	
-0.380157	
-0.395599	
-0.415894	
-0.405945	
-0.392487	
-0.383118	
-0.379242	
-0.415833	
-0.419373	
-0.384583	
-0.396179	
-0.404968	
-0.378845	
-0.392487	
-0.434387	
-0.401459	
-0.385193	
-0.396576	
-0.401855	
-0.387115	
-0.39679	
-0.406769	
-0.396332	
-0.388733	
-0.389282	
-0.392151	
-0.397827	
-0.410767	
-0.39212	
-0.385803	
-0.412384	
-0.388062	
-0.360718	
-0.393738	
-0.401581	
-0.394806	
-0.404755	
-0.378296	
-0.37262	
-0.409729	
-0.39682	
-0.387512	
-0.404083	
-0.403046	
-0.410461	
-0.403259	
-0.377686	
-0.384918	
-0.406158	
-0.403381	
-0.39743	
-0.387787	
-0.409637	
-0.419495	
-0.387238	
-0.386597	
-0.411652	
-0.395355	
-0.40625	
-0.422119	
-0.418488	
-0.40451	
-0.387634	
-0.364838	
-0.406219	
-0.43335	
-0.397614	
-0.389038	
-0.394165	
-0.406647	
-0.415039	
-0.388489	
-0.380096	
-0.409424	
-0.414246	
-0.40274	
-0.385101	
-0.391449	
-0.396027	
-0.408691	
-0.419373	
-0.418243	
-0.36441	
-0.378204	
-0.422943	
-0.421906	
-0.391113	
-0.381805	
-0.403107	
-0.401764	
-0.407135	
-0.417542	
-0.391235	
-0.392792	
-0.43573	
-0.405151	
-0.380493	
-0.40683	
-0.396088	
-0.384979	
-0.419098	
-0.398865	
-0.405365	
-0.422729	
-0.389343	
-0.365875	
-0.41449	
-0.414307	
-0.384674	
-0.397339	
-0.418365	
-0.407135	
-0.379791	
-0.369049	
-0.394501	
-0.433258	
-0.408173	
-0.383789	
-0.406616	
-0.397949	
-0.380524	
-0.388672	
-0.406494	
-0.412292	
-0.400848	
-0.407349	
-0.415894	
-0.388336	
-0.375427	
-0.414703	
-0.406799	
-0.378632	
-0.412079	
-0.418304	
-0.387848	
-0.38266	
-0.400818	
-0.413849	
-0.394135	
-0.401733	
-0.427887	
-0.388733	
-0.369659	
-0.407684	
-0.414398	
-0.395508	
-0.409546	
-0.3815	
-0.39563	
-0.424927	
-0.383545	
-0.380402	
-0.417542	
-0.398773	
-0.391418	
-0.422424	
-0.407501	
-0.392639	
-0.401093	
-0.389801	
-0.405823	
-0.417969	
-0.389801	
-0.39505	
-0.434479	
-0.394409	
-0.378448	
-0.40918	
-0.403748	
-0.422028	
-0.422302	
-0.385681	
-0.372681	
-0.40686	
-0.400513	
-0.423187	
-0.42453	
-0.38382	
-0.38504	
-0.383392	
-0.393311	
-0.407867	
-0.404205	
-0.415283	
-0.402527	
-0.377899	
-0.380585	
-0.390503	
-0.406128	
-0.410889	
-0.394958	
-0.384949	
-0.401581	
-0.38504	
-0.408417	
-0.413269	
-0.374817	
-0.395386	
-0.416901	
-0.3927	
-0.383179	
-0.387115	
-0.391785	
-0.413818	
-0.405365	
-0.37616	
-0.397461	
-0.403351	
-0.379272	
-0.400391	
-0.417175	
-0.395508	
-0.373016	
-0.386353	
-0.389496	
	
