E:\DOCUMENTS AND SETTINGS\JPOTAS\MEUS DOCUMENTOS\UFRJ\RSCI-BM 12 WK SERIES\070731-RSCI-BM-12\RSCI-BM-12-LSN\070731-RSCI-BM-12-LSN-0030.ACQ
0.025000 msec/sample
1 channel
Analog input
Volts
CH1	
2000	
-0.430542	
-0.449463	
-0.444031	
-0.443756	
-0.424622	
-0.421387	
-0.43277	
-0.440948	
-0.439789	
-0.43103	
-0.433807	
-0.440094	
-0.436279	
-0.438507	
-0.436768	
-0.43161	
-0.436462	
-0.420074	
-0.439514	
-0.422699	
-0.435516	
-0.420166	
-0.437531	
-0.445038	
-0.456909	
-0.434937	
-0.437531	
-0.427094	
-0.422821	
-0.432953	
-0.434845	
-0.418365	
-0.441162	
-0.446503	
-0.436218	
-0.424408	
-0.438019	
-0.437134	
-0.427368	
-0.449493	
-0.442596	
-0.436798	
-0.428162	
-0.436859	
-0.438171	
-0.448334	
-0.454407	
-0.43158	
-0.442322	
-0.44809	
-0.447754	
-0.445587	
-0.428253	
-0.42334	
-0.425049	
-0.440125	
-0.450378	
-0.446686	
-0.460876	
-0.436066	
-0.441986	
-0.436066	
-0.449951	
-0.426849	
-0.43222	
-0.438324	
-0.448334	
-0.442505	
-0.429901	
-0.429535	
-0.444275	
-0.452148	
-0.452606	
-0.446198	
-0.431946	
-0.422546	
-0.444885	
-0.445862	
-0.434143	
-0.464203	
-0.453217	
-0.449799	
-0.433167	
-0.447113	
-0.434967	
-0.440399	
-0.431519	
-0.423096	
-0.439423	
-0.446808	
-0.432037	
-0.430878	
-0.44455	
-0.457672	
-0.440247	
-0.440521	
-0.433533	
-0.447388	
-0.445374	
-0.432037	
-0.442871	
-0.435059	
-0.452362	
-0.450043	
-0.449463	
-0.433014	
-0.429443	
-0.427704	
-0.43634	
-0.451416	
-0.441071	
-0.4328	
-0.431366	
-0.444336	
-0.450867	
-0.438385	
-0.431671	
-0.435852	
-0.447235	
-0.444885	
-0.424469	
-0.436981	
-0.415131	
-0.446472	
-0.449707	
-0.450989	
-0.429779	
-0.433228	
-0.437225	
-0.441345	
-0.437622	
-0.434143	
-0.439056	
-0.432983	
-0.428802	
-0.441986	
-0.455414	
-0.446655	
-0.431763	
-0.432251	
-0.438904	
-0.427917	
-0.447876	
-0.441467	
-0.445587	
-0.431458	
-0.433258	
-0.439178	
-0.458679	
-0.446991	
-0.434296	
-0.44397	
-0.441467	
-0.436157	
-0.439606	
-0.421814	
-0.426758	
-0.437164	
-0.441772	
-0.431915	
-0.443329	
-0.446442	
-0.430145	
-0.437042	
-0.41983	
-0.440521	
-0.435364	
-0.436127	
-0.43927	
-0.453308	
-0.435181	
-0.428284	
-0.434479	
-0.434937	
-0.441681	
-0.439117	
-0.423859	
-0.423309	
-0.424988	
-0.438202	
-0.439453	
-0.431641	
-0.447723	
-0.424957	
-0.431183	
-0.431366	
-0.44873	
-0.429352	
-0.431915	
-0.431458	
-0.438599	
-0.451111	
-0.435272	
-0.437408	
-0.441406	
-0.440002	
-0.440887	
-3.26743	
-7.58264	
-4.18567	
-2.56653	
-1.94434	
-1.68201	
3.43579	
4.05701	
2.34442	
0.805359	
0.236145	
0.0130005	
-0.0941467	
-0.143494	
-0.198944	
-0.224457	
-0.24527	
-0.268951	
-0.274078	
-0.297028	
-0.327942	
-0.309692	
-0.314423	
-0.318359	
-0.332245	
-0.341858	
-0.340088	
-0.354218	
-0.348175	
-0.358154	
-0.340027	
-0.373322	
-0.365723	
-0.358246	
-0.350281	
-0.351166	
-0.361786	
-0.373657	
-0.369476	
-0.352081	
-0.364258	
-0.371307	
-0.345367	
-0.339661	
-0.340271	
-0.332062	
-0.306213	
-0.277069	
-0.282166	
-0.264771	
-0.276367	
-0.26944	
-0.298706	
-0.332855	
-0.389465	
-0.420258	
-0.432892	
-0.474121	
-0.498779	
-0.502777	
-0.50943	
-0.530151	
-0.546326	
-0.550873	
-0.554779	
-0.55542	
-0.549957	
-0.537231	
-0.517883	
-0.527344	
-0.498688	
-0.49469	
-0.483856	
-0.499054	
-0.481781	
-0.492279	
-0.473755	
-0.45755	
-0.458649	
-0.468353	
-0.461365	
-0.442871	
-0.420105	
-0.433838	
-0.433838	
-0.442078	
-0.432953	
-0.434265	
-0.424438	
-0.404236	
-0.436554	
-0.441833	
-0.444427	
-0.414673	
-0.410095	
-0.41568	
-0.425934	
-0.430359	
-0.425598	
-0.425262	
-0.41983	
-0.429749	
-0.424347	
-0.405975	
-0.406433	
-0.415955	
-0.441559	
-0.432343	
-0.417603	
-0.421326	
-0.406891	
-0.423126	
-0.427734	
-0.445038	
-0.421539	
-0.416626	
-0.415649	
-0.439941	
-0.445038	
-0.412781	
-0.412048	
-0.419617	
-0.436157	
-0.445068	
-0.434509	
-0.414551	
-0.428009	
-0.430908	
-0.416107	
-0.422424	
-0.45752	
-0.430725	
-0.440582	
-0.434937	
-0.443054	
-0.427094	
-0.425873	
-0.407928	
-0.437103	
-0.446472	
-0.429352	
-0.429504	
-0.431793	
-0.42691	
-0.441956	
-0.438507	
-0.430023	
-0.422485	
-0.435211	
-0.42691	
-0.422882	
-0.450775	
-0.425476	
-0.435242	
-0.422882	
-0.435394	
-0.430786	
-0.428436	
-0.41626	
-0.416595	
-0.434265	
-0.435486	
-0.438904	
-0.424194	
-0.430939	
-0.444092	
-0.431885	
-0.431885	
-0.421661	
-0.435028	
-0.450653	
-0.42804	
-0.435272	
-0.426971	
-0.419159	
-0.400452	
-0.433167	
-0.437866	
-0.440338	
-0.430511	
-0.413452	
-0.422699	
-0.42865	
-0.421356	
-0.41391	
-0.418152	
-0.430267	
-0.431854	
-0.429138	
-0.429138	
-0.427582	
-0.42215	
-0.40567	
-0.436127	
-0.42865	
-0.440094	
-0.434753	
-0.430847	
-0.428955	
-0.447571	
-0.427887	
-0.419037	
-0.441956	
-0.447937	
-0.444641	
-0.433319	
-0.411957	
-0.423096	
-0.428986	
-0.436737	
-0.438507	
-0.43045	
-0.418365	
-0.412048	
-0.434998	
-0.417419	
-0.435669	
-0.42807	
-0.428986	
-0.422546	
-0.433685	
-0.432037	
-0.429474	
-0.427551	
-0.425629	
-0.42923	
-0.427765	
-0.419006	
-0.423523	
-0.420624	
-0.422363	
-0.422516	
-0.436859	
-0.438141	
-0.413391	
-0.428833	
-0.426117	
-0.435699	
-0.41272	
-0.418579	
-0.426788	
-0.436829	
-0.432892	
-0.416168	
-0.414246	
-0.422119	
-0.426697	
-0.429993	
-0.420105	
-0.423309	
-0.426666	
-0.426758	
-0.419189	
-0.413422	
-0.42691	
-0.419739	
-0.444275	
-0.43338	
-0.438385	
-0.415161	
-0.41626	
-0.417725	
-0.427948	
-0.42807	
-0.427734	
-0.426361	
-0.424286	
-0.430908	
-0.443878	
-0.430511	
-0.42691	
-0.415222	
-0.422424	
-0.430573	
-0.424133	
-0.434052	
-0.424927	
-0.437042	
-0.408203	
-0.426483	
-0.437469	
-0.43158	
-0.415314	
-0.417542	
-0.42514	
-0.424164	
-0.420959	
-0.420837	
-0.433044	
-0.445557	
-0.431763	
-0.432922	
-0.430054	
-0.421265	
-0.428345	
-0.422882	
-0.431549	
-0.427094	
-0.443176	
-0.426086	
-0.434387	
-0.42572	
-0.426208	
-0.430573	
-0.415039	
-0.431244	
-0.44574	
-0.43161	
-0.42392	
-0.424683	
-0.427185	
-0.436035	
-0.44458	
-0.433502	
-0.435974	
-0.436127	
-0.416321	
-0.436646	
-0.424622	
-0.42807	
-0.417664	
-0.425995	
-0.427551	
-0.441956	
-0.432617	
-0.424774	
-0.424835	
-0.430756	
-0.43927	
-0.421783	
-0.416504	
-0.433838	
-0.432831	
-0.439697	
-0.426849	
-0.41748	
-0.427856	
-0.412811	
-0.433472	
-0.431244	
-0.447662	
-0.422577	
-0.425995	
-0.422424	
-0.429688	
-0.440979	
-0.427551	
-0.426422	
-0.442322	
-0.435516	
-0.421234	
-0.422791	
-0.421387	
-0.420898	
-0.439453	
-0.433594	
-0.427338	
-0.426086	
-0.405701	
-0.429291	
-0.427704	
-0.440247	
-0.431793	
-0.430328	
-0.40744	
-0.431335	
-0.440491	
-0.432831	
-0.437134	
-0.423157	
-0.419586	
-0.443024	
-0.431091	
-0.425354	
-0.435944	
-0.445953	
-0.433777	
-0.432678	
-0.44693	
-0.430695	
-0.43692	
-0.434998	
-0.440338	
-0.435181	
-0.435242	
-0.435059	
-0.430237	
-0.430237	
-0.432739	
-0.444855	
-0.431396	
-0.433411	
-0.444153	
-0.42807	
-0.422089	
-0.422791	
-0.435547	
-0.434998	
-0.428925	
-0.450439	
-0.426575	
-0.431641	
-0.415649	
-0.443512	
-0.439728	
-0.425659	
-0.417816	
-0.424438	
-0.437775	
-0.433502	
-0.43396	
-0.43219	
-0.428589	
-0.441498	
-0.436737	
-0.431915	
-0.430267	
-0.430817	
-0.422333	
-0.417664	
-0.450531	
-0.432892	
-0.425476	
-0.403564	
-0.427521	
-0.442657	
-0.459045	
-0.427032	
-0.409393	
-0.428741	
-0.425934	
-0.424316	
-0.433868	
-0.436768	
-0.445923	
-0.43457	
-0.438385	
-0.433502	
-0.431671	
-0.423798	
-0.423126	
-0.452209	
-0.434875	
-0.441528	
-0.433685	
-0.424194	
-0.432251	
-0.446045	
-0.441528	
-0.422699	
-0.426636	
-0.437592	
-0.456238	
-0.436157	
-0.417664	
-0.426392	
-0.43808	
-0.448059	
-0.437347	
-0.432556	
-0.44696	
-0.430817	
-0.437347	
-0.41745	
-0.449554	
-0.431274	
-0.435486	
-0.44046	
-0.443298	
-0.43573	
-0.422272	
-0.419373	
-0.433136	
-0.442413	
-0.438232	
-0.42865	
-0.429169	
-0.427734	
-0.434753	
-0.433838	
-0.433075	
-0.440002	
-0.420074	
-0.436981	
-0.431732	
-0.444885	
-0.432251	
-0.430511	
-0.421265	
-0.437347	
-0.446411	
-0.437225	
-0.436157	
-0.417542	
-0.425995	
-0.441437	
-0.417938	
-0.432037	
-0.437958	
-0.439545	
-0.441315	
-0.441223	
-0.429901	
-0.420105	
-0.440613	
-0.42923	
-0.442078	
-0.447845	
-0.431671	
-0.423798	
-0.431549	
-0.449615	
-0.438629	
-0.439606	
-0.421112	
-0.438629	
-0.457977	
-0.44458	
-0.435822	
-0.43454	
-0.438812	
-0.433563	
-0.427002	
-0.452515	
-0.443176	
-0.452332	
-0.423065	
-0.447235	
-0.444641	
-0.444214	
-0.443634	
-0.433777	
-0.429199	
-0.442261	
-0.439667	
-0.430298	
-0.430054	
-0.448578	
-0.450745	
-0.448029	
-0.435608	
-0.438019	
-0.431458	
-0.423401	
-0.462677	
-0.451111	
-0.440552	
-0.43277	
-0.452515	
-0.444122	
-0.441681	
-0.435181	
-0.434509	
-0.437592	
-0.442169	
-0.439026	
-0.437958	
-0.435547	
-0.444092	
-0.433533	
-0.447601	
-0.44751	
-0.440948	
-0.436218	
-0.428009	
-0.451813	
-0.441162	
-0.443115	
-0.42865	
-0.444092	
-0.45163	
-0.450256	
-0.435699	
-0.436798	
-0.441345	
-0.439758	
-0.446625	
-0.444458	
-0.436523	
-0.437439	
-0.445251	
-0.45224	
-0.442322	
-0.44104	
-0.447083	
-0.425995	
-0.437408	
-0.426361	
-0.447662	
-0.428467	
-0.428833	
-0.440125	
-0.454071	
-0.443024	
-0.428864	
-0.43512	
-0.439636	
-0.441956	
-0.43927	
-0.428711	
-0.436035	
-0.441895	
-0.442383	
-0.441864	
-0.439667	
-0.44043	
-0.4245	
-0.439789	
-0.434845	
-0.454651	
-0.452484	
-0.447601	
-0.435181	
-0.438263	
-0.439545	
-0.445435	
-0.443512	
-0.434937	
-0.436218	
-0.451721	
-0.433167	
-0.422791	
-0.430573	
-0.447052	
-0.440033	
-0.430756	
-0.442688	
-0.432037	
-0.445343	
-0.413483	
-0.431366	
-0.442963	
-0.436554	
-0.439178	
-0.457153	
-0.448792	
-0.430634	
-0.433228	
-0.423065	
-0.43103	
-0.453003	
-0.438873	
-0.428741	
-0.427246	
-0.431	
-0.426086	
-0.418152	
-0.44751	
-0.435791	
-0.437775	
-0.421417	
-0.446686	
-0.43338	
-0.431335	
-0.431549	
-0.427338	
-0.438995	
-0.444061	
-0.437225	
-0.442078	
-0.440887	
-0.444855	
-0.43631	
-0.437378	
-0.435303	
-0.439178	
-0.444855	
-0.450256	
-0.461975	
-0.434113	
-0.434784	
-0.425049	
-0.43692	
-0.441956	
-0.446625	
-0.435669	
-0.434998	
-0.43277	
-0.436829	
-0.443756	
-0.426727	
-0.429779	
-0.459991	
-0.449341	
-0.442383	
-0.444244	
-0.431824	
-0.430634	
-0.434723	
-0.454956	
-0.44458	
-0.461212	
-0.43454	
-0.437683	
-0.441223	
-0.437805	
-0.442017	
-0.437988	
-0.435516	
-0.435699	
-0.441162	
-0.439819	
-0.443573	
-0.437195	
-0.428284	
-0.436859	
-0.433807	
-0.430817	
-0.436646	
-0.428864	
-0.447754	
-0.422089	
-0.434906	
-0.427765	
-0.432312	
-0.433533	
-0.445404	
-0.434052	
-0.423157	
-0.443451	
-0.428192	
-0.422546	
-0.430176	
-0.436981	
-0.43335	
-0.434235	
-0.446533	
-0.441223	
-0.427673	
-0.437378	
-0.428925	
-0.442871	
-0.421814	
-0.439484	
-0.440674	
-0.434631	
-0.424011	
-0.445099	
-0.451111	
-0.440552	
-0.433228	
-0.433563	
-0.438477	
-0.442261	
-0.426819	
-0.437805	
-0.430084	
-0.438446	
-0.438232	
-0.44043	
-0.453125	
-0.437561	
-0.431763	
-0.419128	
-0.451355	
-0.453491	
-0.437225	
-0.423889	
-0.435242	
-0.456085	
-0.447632	
-0.442444	
-0.438416	
-0.439362	
-0.436401	
-0.427521	
-0.425415	
-0.429169	
-0.440125	
-0.439148	
-0.426819	
-0.453674	
-0.436218	
-0.425995	
-0.411835	
-0.436371	
-0.438171	
-0.43866	
-0.43338	
-0.436829	
-0.441833	
-0.432037	
-0.433411	
-0.427155	
-0.415649	
-0.435394	
-0.44519	
-0.436829	
-0.439056	
-0.437073	
-0.425659	
-0.423645	
-0.449829	
-0.419678	
-0.444519	
-0.441101	
-0.435974	
-0.427856	
-0.434814	
-0.418945	
-0.422363	
-0.435272	
-0.443146	
-0.447845	
-0.440887	
-0.425537	
-0.438507	
-0.441803	
-0.441101	
-0.430176	
-0.44046	
-0.438324	
-0.427429	
-0.444092	
-0.438477	
-0.452026	
-0.433258	
-0.430878	
-0.427795	
-0.43335	
-0.434326	
-0.425415	
-0.438812	
-0.431732	
-0.435455	
-0.442352	
-0.438293	
-0.434448	
-0.437714	
-0.443024	
-0.430664	
-0.431946	
-0.441437	
-0.422699	
-0.447144	
-0.441162	
-0.449371	
-0.42334	
-0.429352	
-0.429749	
-0.434998	
-0.446167	
-0.43924	
-0.43042	
-0.421692	
-0.428619	
-0.426117	
-0.424774	
-0.425232	
-0.423737	
-0.430908	
-0.435425	
-0.420929	
-0.429138	
-0.411163	
-0.434723	
-0.406769	
-0.428009	
-0.439545	
-0.436035	
-0.417999	
-0.433777	
-0.425385	
-0.422333	
-0.436523	
-0.438995	
-0.42926	
-0.444336	
-0.434204	
-0.430328	
-0.415985	
-0.424622	
-0.426788	
-0.433716	
-0.435883	
-0.425354	
-0.425903	
-0.397614	
-0.429504	
-0.447998	
-0.424408	
-0.420898	
-0.441345	
-0.44165	
-0.43158	
-0.425812	
-0.429993	
-0.433228	
-0.436371	
-0.424744	
-0.422638	
-0.422455	
-0.432343	
-0.429474	
-0.423035	
-0.437988	
-0.424561	
-0.440063	
-0.418488	
-0.429321	
-0.436035	
-0.429596	
-0.421753	
-0.4263	
-0.440979	
-0.434174	
-0.438324	
-0.424103	
-0.42511	
-0.431305	
-0.428772	
-0.419525	
-0.426605	
-0.435303	
-0.43512	
-0.421509	
-0.437286	
-0.425507	
-0.450714	
-0.426788	
-0.428009	
-0.430176	
-0.436554	
-0.421906	
-0.420837	
-0.425598	
-0.432526	
-0.438141	
-0.42627	
-0.419495	
-0.440002	
-0.438995	
-0.438263	
-0.422363	
-0.424683	
-0.438507	
-0.429993	
-0.438324	
-0.424011	
-0.444458	
-0.424316	
-0.41803	
-0.422974	
-0.427917	
-0.426971	
-0.438812	
-0.439514	
-0.420685	
-0.428741	
-0.435425	
-0.425262	
-0.426849	
-0.428009	
-0.445435	
-0.433929	
-0.419434	
-0.4328	
-0.431854	
-0.435852	
-0.413086	
-0.439514	
-0.432465	
-0.425934	
-0.434845	
-0.426178	
-0.426178	
-0.41864	
-0.432343	
-0.434662	
-0.445892	
-0.440704	
-0.43396	
-0.422028	
-0.424133	
-0.442505	
-0.437988	
-0.430939	
-0.448608	
-0.431824	
-0.437836	
-0.416321	
-0.440155	
-0.429504	
-0.428619	
-0.424286	
-0.443207	
-0.438721	
-0.434326	
-0.432983	
-0.434143	
-0.425385	
-0.431183	
-0.420441	
-0.434937	
-0.431641	
-0.436127	
-0.434143	
-0.422424	
-0.427124	
-0.414032	
-0.425842	
-0.417816	
-0.442383	
-0.446594	
-0.437653	
-0.420288	
-0.426788	
-0.431671	
-0.43042	
-0.432434	
-0.437531	
-0.425323	
-0.435852	
-0.434082	
-0.420685	
-0.409729	
-0.433258	
-0.436554	
-0.429626	
-0.443054	
-0.42688	
-0.434113	
-0.416595	
-0.424957	
-0.439117	
-0.434937	
-0.417786	
-0.425995	
-0.441864	
-0.417511	
-0.434265	
-0.433197	
-0.43045	
-0.437744	
-0.432526	
-0.426086	
-0.436066	
-0.438354	
-0.437042	
-0.437531	
-0.451294	
-0.425507	
-0.451202	
-0.430054	
-0.440643	
-0.435181	
-0.438385	
-0.441162	
-0.439697	
-0.436951	
-0.436432	
-0.434845	
-0.434052	
-0.438019	
-0.450317	
-0.429474	
-0.434448	
-0.436615	
-0.433044	
-0.435089	
-0.438049	
-0.456116	
-0.42691	
-0.443024	
-0.432678	
-0.425629	
-0.429291	
-0.442139	
-0.438965	
-0.423035	
-0.423523	
-0.421478	
-0.437714	
-0.443451	
-0.428345	
-0.429504	
-0.433594	
-0.447083	
-0.425171	
-0.428467	
-0.433075	
-0.42038	
-0.432404	
-0.412842	
-0.439911	
-0.447418	
-0.430206	
-0.416443	
-0.426239	
-0.440277	
-0.426666	
-0.435516	
-0.422974	
-0.425049	
-0.430695	
-0.435181	
-0.435333	
-0.441833	
-0.44458	
-0.434906	
-0.427185	
-0.438782	
-0.420288	
-0.443909	
-0.41748	
-0.449127	
-0.454193	
-0.429962	
-0.415405	
-0.442352	
-0.445038	
-0.434082	
-0.442566	
-0.448975	
-0.445709	
-0.440521	
-0.423706	
-0.43985	
-0.435333	
-0.429993	
-0.435699	
-0.438599	
-0.439636	
-0.428558	
-0.440918	
-0.425385	
-0.439972	
-0.434998	
-0.432739	
-0.446747	
-0.462921	
-0.449677	
-0.438202	
-0.437744	
-0.429382	
-0.425659	
-0.431549	
-0.433411	
-0.444458	
-0.426575	
-0.432007	
-0.437317	
-0.428589	
-0.437134	
-0.426697	
-0.451111	
-0.43222	
-0.431305	
-0.436615	
-0.438293	
-0.426453	
-0.432373	
-0.444	
-0.429047	
-0.446075	
-0.443237	
-0.431976	
-0.436554	
-0.42923	
-0.419586	
-0.434875	
-0.438751	
-0.441956	
-0.44754	
-0.449005	
-0.42334	
-0.453766	
-0.419495	
-0.423828	
-0.446594	
-0.451202	
-0.432526	
-0.431793	
-0.437256	
-0.425323	
-0.438568	
-0.441559	
-0.437653	
-0.449432	
-0.437164	
-0.443359	
-0.456757	
-0.444031	
-0.433014	
-0.429901	
-0.447968	
-0.431915	
-0.452881	
-0.442352	
-0.446014	
-0.443451	
-0.434998	
-0.438354	
-0.436737	
-0.428375	
-0.436829	
-0.444061	
-0.436707	
-0.442657	
-0.447723	
-0.42868	
-0.442749	
-0.43988	
-0.438354	
-0.443878	
-0.431427	
-0.438263	
-0.420715	
-0.439758	
-0.446014	
-0.447845	
-0.427612	
-0.434052	
-0.449066	
-0.435944	
-0.433258	
-0.442535	
-0.442078	
-0.445129	
-0.431702	
-0.438293	
-0.449219	
-0.449768	
-0.434906	
-0.433014	
-0.442719	
-0.429779	
-0.443848	
-0.423126	
-0.445007	
-0.449982	
-0.440186	
-0.429504	
-0.438538	
-0.448364	
-0.443451	
-0.438568	
-0.436371	
-0.445923	
-0.451202	
-0.434448	
-0.43927	
-0.443726	
-0.441742	
-0.4375	
-0.430634	
-0.448761	
-0.433655	
-0.456696	
-0.428467	
-0.435272	
-0.440094	
-0.435181	
-0.434296	
-0.448303	
-0.434235	
-0.438507	
-0.450897	
-0.439117	
-0.423248	
-0.430023	
-0.440552	
-0.449127	
-0.433746	
-0.442322	
-0.434692	
-0.428558	
-0.441254	
-0.434021	
-0.453583	
-0.428436	
-0.435181	
-0.443787	
-0.449493	
-0.439056	
-0.438995	
-0.44986	
-0.438141	
-0.431915	
-0.436798	
-0.443207	
-0.456116	
-0.44339	
-0.430786	
-0.43396	
-0.440369	
-0.434387	
-0.442627	
-0.458466	
-0.431854	
-0.444702	
-0.442749	
-0.439362	
-0.441254	
-0.436829	
-0.436279	
-0.443604	
-0.445526	
-0.427032	
-0.446136	
-0.430756	
-0.422699	
-0.442169	
-0.440216	
-0.442841	
-0.4487	
-0.436127	
-0.437408	
-0.430725	
-0.442352	
-0.411102	
-0.442749	
-0.436096	
-0.435913	
-0.435425	
-0.44281	
-0.426239	
-0.423401	
-0.431244	
-0.434875	
-0.433411	
-0.445435	
-0.44223	
-0.437073	
-0.433197	
-0.448273	
-0.431763	
-0.429138	
-0.446259	
-0.441681	
-0.454712	
-0.42688	
-0.438385	
-0.430786	
-0.430389	
-0.429932	
-0.433807	
-0.445648	
-0.442108	
-0.435364	
-0.440399	
-0.439972	
-0.431732	
-0.431427	
-0.445801	
-0.437927	
-0.448364	
-0.453125	
-0.438904	
-0.431213	
-0.423798	
-0.439056	
-0.427887	
-0.448059	
-0.457031	
-0.449982	
-0.42395	
-0.432922	
-0.450897	
-0.43277	
-0.440399	
-0.449402	
-0.447235	
-0.442108	
-0.431763	
-0.440125	
-0.443237	
-0.442841	
-0.433533	
-0.42746	
-0.430634	
-0.414429	
-0.453094	
-0.428894	
-0.437866	
-0.431915	
-0.42218	
-0.419708	
-0.445221	
-0.437073	
-0.435944	
-0.438873	
-0.427094	
-0.418671	
-0.440491	
-0.430725	
-0.426025	
-0.421051	
-0.442535	
-0.430145	
-0.425842	
-0.439636	
-0.425812	
-0.448334	
-0.434723	
-0.442749	
-0.440155	
-0.429291	
-0.428314	
-0.438263	
-0.447021	
-0.429474	
-0.432739	
-0.441498	
-0.434784	
-0.437225	
-0.439484	
-0.440857	
-0.427948	
-0.434265	
-0.442719	
-0.438751	
-0.442841	
-0.423065	
-0.449921	
-0.440674	
-0.42923	
-0.429199	
-0.448456	
-0.459106	
-0.441803	
-0.435211	
-0.418579	
-0.436676	
-0.440979	
-0.454193	
-0.449982	
-0.434845	
-0.428864	
-0.436249	
-0.439056	
-0.44989	
-0.440369	
-0.451233	
-0.415466	
-0.444305	
-0.43396	
-0.428894	
-0.421783	
-0.44339	
-0.442078	
-0.435059	
-0.422577	
-0.434113	
-0.432465	
-0.438019	
-0.423126	
-0.430847	
-0.43103	
-0.445587	
-0.43631	
-0.439606	
-0.435059	
-0.431641	
-0.452301	
-0.416351	
-0.42926	
-0.44751	
-0.434967	
-0.424652	
-0.436737	
-0.423401	
-0.409119	
-0.437469	
-0.443604	
-0.430603	
-0.442108	
-0.438141	
-0.434998	
-0.436005	
-0.436798	
-0.426514	
-0.438416	
-0.440186	
-0.414368	
-0.44577	
-0.435211	
-0.434509	
-0.443939	
-0.441833	
-0.421265	
-0.4328	
-0.441406	
-0.427399	
-0.449738	
-0.441284	
-0.434052	
-0.435303	
-0.432098	
-0.440216	
-0.443787	
-0.436127	
-0.440125	
-0.427399	
-0.429504	
-0.410339	
-0.452209	
-0.428619	
-0.437286	
-0.441071	
-0.440308	
-0.430206	
-0.436371	
-0.435455	
-0.450256	
-0.441772	
-0.440948	
-0.440399	
-0.433899	
-0.41333	
-0.434875	
-0.427277	
-0.431335	
-0.432281	
-0.417908	
-0.430511	
-0.428925	
-0.443024	
-0.42276	
-0.419952	
-0.422607	
-0.428467	
-0.425293	
-0.438782	
-0.439972	
-0.416473	
-0.422821	
-0.434631	
-0.418915	
-0.439117	
-0.441925	
-0.420532	
-0.426788	
-0.443756	
-0.429901	
-0.428162	
-0.444336	
-0.4198	
-0.442017	
-0.430389	
-0.419739	
-0.429871	
-0.432312	
-0.433044	
-0.437164	
-0.437805	
-0.412476	
-0.430328	
-0.43988	
-0.434448	
-0.434753	
-0.428101	
-0.425598	
-0.426483	
-0.426208	
-0.441254	
-0.434998	
-0.445435	
-0.406952	
-0.443939	
-0.42807	
-0.430603	
-0.426605	
-0.430206	
-0.424896	
-0.438385	
-0.431976	
-0.427002	
-0.425171	
-0.444885	
-0.433777	
-0.4328	
-0.424377	
-0.436707	
-0.424133	
-0.426697	
-0.433228	
-0.43161	
-0.443512	
-0.410339	
-0.427246	
-0.436462	
-0.434906	
-0.436981	
-0.429382	
-0.421844	
-0.418549	
-0.434387	
-0.431793	
-0.423828	
-0.4245	
-0.432343	
-0.445313	
-0.434906	
-0.4263	
-0.423248	
-0.43335	
-0.438965	
-0.430511	
-0.443542	
-0.411499	
-0.431824	
-0.448029	
-0.43161	
-0.416687	
-0.420319	
-0.426544	
-0.422821	
-0.438538	
-0.431671	
-0.432343	
-0.432526	
-0.416473	
-0.421173	
-0.42926	
-0.430328	
-0.430328	
-0.429535	
-0.435791	
-0.408386	
-0.439758	
-0.417053	
-0.44046	
-0.427887	
-0.423279	
-0.428436	
-0.450806	
-0.427765	
-0.424011	
-0.426086	
-0.434082	
-0.431702	
-0.438263	
-0.431549	
-0.441406	
-0.423431	
-0.4263	
-0.425385	
-0.42923	
-0.445282	
-0.42572	
-0.444489	
-0.440826	
-0.427002	
-0.425812	
-0.428375	
-0.433563	
-0.435516	
-0.440125	
-0.434143	
-0.439301	
-0.435944	
-0.427582	
-0.427246	
-0.424805	
-0.427979	
-0.433685	
-0.435089	
-0.437988	
-0.434601	
-0.431946	
-0.40625	
-0.432648	
-0.425598	
-0.424469	
-0.442322	
-0.445251	
-0.43338	
-0.433807	
-0.433533	
-0.408295	
-0.423767	
-0.437866	
-0.430389	
-0.444031	
-0.437683	
-0.417511	
-0.426178	
-0.430695	
-0.427124	
-0.426819	
-0.456299	
-0.423248	
-0.446747	
-0.434113	
-0.42572	
-0.422546	
-0.426392	
-0.421265	
-0.438843	
-0.42868	
-0.426361	
-0.430756	
-0.430969	
-0.424805	
-0.433441	
-0.420929	
-0.435394	
-0.435364	
-0.431122	
-0.440094	
-0.44043	
-0.449677	
-0.415314	
-0.434235	
-0.43512	
-0.433899	
-0.430908	
-0.437531	
-0.438416	
-0.428284	
-0.440918	
-0.439972	
-0.432281	
-0.435242	
-0.442352	
-0.440308	
-0.433319	
-0.447174	
-0.437683	
-0.420868	
-0.431335	
-0.435608	
-0.455048	
-0.420715	
-0.43158	
-0.438171	
-0.438538	
-0.424805	
-0.428162	
-0.432648	
-0.425171	
-0.436157	
-0.434052	
-0.430939	
-0.427704	
-0.425018	
-0.443787	
-0.439575	
-0.421051	
-0.426727	
-0.432404	
-0.440796	
-0.412933	
-0.445984	
-0.430969	
-0.426758	
-0.424194	
-0.427765	
-0.431763	
-0.437225	
-0.427094	
-0.416138	
-0.431244	
-0.445068	
-0.434448	
-0.427032	
-0.415833	
-0.424591	
-0.435577	
-0.446686	
-0.428925	
-0.412506	
-0.433746	
-0.413788	
-0.438904	
-0.431	
-0.434357	
-0.436493	
-0.439392	
-0.437134	
-0.435364	
-0.432983	
-0.423676	
-0.440521	
-0.449493	
-0.43512	
-0.437195	
-0.446472	
-0.440582	
-0.427643	
-0.432495	
-0.432404	
-0.436249	
-0.441895	
-0.419098	
-0.443207	
-0.436951	
-0.43396	
-0.432373	
-0.435852	
-0.439331	
-0.439911	
-0.442291	
-0.443787	
-0.44339	
-0.431305	
-0.427155	
-0.436127	
-0.434387	
-0.433533	
-0.437653	
-0.439117	
	
