E:\DOCUMENTS AND SETTINGS\JPOTAS\MEUS DOCUMENTOS\UFRJ\RSCI-BM 12 WK SERIES\070723-RSCI-BM-06\RSCI-BM-06-LSN\070723-RSCI-BM-LSN-0025.ACQ
0.025000 msec/sample
1 channel
Analog input
Volts
CH1	
2000	
-0.376953	
-0.388123	
-0.399414	
-0.405334	
-0.384399	
-0.364014	
-0.356781	
-0.379425	
-0.403076	
-0.402954	
-0.409607	
-0.383453	
-0.355774	
-0.362122	
-0.387054	
-0.375366	
-0.395721	
-0.412384	
-0.380188	
-0.375092	
-0.371338	
-0.357025	
-0.369995	
-0.37854	
-0.383911	
-0.404053	
-0.386902	
-0.368805	
-0.372742	
-0.354126	
-0.363861	
-0.397461	
-0.386383	
-0.402618	
-0.40799	
-0.357513	
-0.362274	
-0.373199	
-0.351807	
-0.400909	
-0.407104	
-0.387756	
-0.407593	
-0.360565	
-0.355438	
-0.388885	
-0.363464	
-0.393188	
-0.422546	
-0.382813	
-0.397522	
-0.373688	
-0.344604	
-0.383789	
-0.385345	
-0.391968	
-0.424652	
-0.39386	
-0.379425	
-0.375031	
-0.35498	
-0.375	
-0.395782	
-0.390076	
-0.396576	
-0.390625	
-0.368958	
-0.362305	
-0.365173	
-0.386108	
-0.39801	
-0.385315	
-0.390869	
-0.384521	
-0.364349	
-0.382385	
-0.395111	
-0.386597	
-0.379669	
-0.387817	
-0.375946	
-0.380585	
-0.389435	
-0.40274	
-0.383087	
-0.352112	
-0.377686	
-0.385895	
-0.384277	
-0.392883	
-0.409119	
-0.35611	
-0.352386	
-0.41095	
-0.414734	
-0.373383	
-0.368774	
-0.391235	
-0.377197	
-0.368713	
-0.400879	
-0.39035	
-0.361084	
-0.364471	
-0.392303	
-0.393616	
-0.375549	
-0.376404	
-0.389191	
-0.385406	
-0.37796	
-0.3862	
-0.394257	
-0.38974	
-0.376892	
-0.360291	
-0.376587	
-0.397888	
-0.401184	
-0.376038	
-0.371033	
-0.393524	
-0.398529	
-0.38916	
-0.363159	
-0.386902	
-0.398499	
-0.381409	
-0.371368	
-0.389069	
-0.403564	
-0.370819	
-0.371399	
-0.386353	
-0.404785	
-0.385071	
-0.371582	
-0.389435	
-0.398651	
-0.380646	
-0.376862	
-0.391541	
-0.396973	
-0.376343	
-0.387177	
-0.391785	
-0.39447	
-0.3815	
-0.381744	
-0.378082	
-0.367859	
-0.3909	
-0.41391	
-0.389954	
-0.363129	
-0.376068	
-0.397614	
-0.392151	
-0.391052	
-0.389191	
-0.379395	
-0.364105	
-0.377167	
-0.411224	
-0.409851	
-0.384674	
-0.358734	
-0.38031	
-0.389038	
-0.400116	
-0.396576	
-0.378815	
-0.380554	
-0.390442	
-0.385437	
-0.379761	
-0.406097	
-0.377136	
-0.357178	
-0.392029	
-0.385437	
-0.373352	
-0.416687	
-0.405029	
-0.363434	
-0.374756	
-0.376617	
-0.369049	
-0.409241	
-0.414459	
-0.388458	
-0.387726	
-0.381683	
-0.370544	
-0.371643	
-0.381744	
-0.39978	
-2.75864	
-2.95209	
-1.6969	
-1.30667	
-1.13611	
-1.0289	
3.35785	
1.96524	
0.567902	
0.0882263	
-0.0926208	
-0.165314	
-0.220337	
-0.235535	
-0.270233	
-0.313202	
-0.314331	
-0.312408	
-0.314941	
-0.309326	
-0.324921	
-0.326111	
-0.33493	
-0.358002	
-0.339478	
-0.342957	
-0.338806	
-0.326569	
-0.347168	
-0.319	
-0.298462	
-0.303436	
-0.249603	
-0.252472	
-0.274628	
-0.25589	
-0.305481	
-0.358521	
-0.357086	
-0.433441	
-0.472076	
-0.454193	
-0.45755	
-0.462738	
-0.454132	
-0.487061	
-0.509613	
-0.498352	
-0.484894	
-0.475739	
-0.480072	
-0.499817	
-0.514618	
-0.508911	
-0.471924	
-0.453308	
-0.464539	
-0.452179	
-0.462921	
-0.477173	
-0.427704	
-0.391113	
-0.450195	
-0.460693	
-0.428375	
-0.423767	
-0.41803	
-0.391388	
-0.389465	
-0.412415	
-0.401001	
-0.378479	
-0.378906	
-0.383453	
-0.394806	
-0.388214	
-0.371307	
-0.376434	
-0.391388	
-0.379852	
-0.372925	
-0.387573	
-0.387543	
-0.400208	
-0.374237	
-0.380981	
-0.392944	
-0.398773	
-0.39566	
-0.369781	
-0.373383	
-0.412079	
-0.424866	
-0.389679	
-0.366913	
-0.415924	
-0.431793	
-0.414856	
-0.387329	
-0.386749	
-0.421448	
-0.434814	
-0.412201	
-0.393433	
-0.398926	
-0.405365	
-0.41214	
-0.406281	
-0.397888	
-0.399963	
-0.393158	
-0.405701	
-0.423676	
-0.423553	
-0.386536	
-0.373291	
-0.405426	
-0.419128	
-0.400879	
-0.390472	
-0.402039	
-0.403748	
-0.391174	
-0.414063	
-0.415527	
-0.397858	
-0.383881	
-0.421936	
-0.402069	
-0.393585	
-0.426025	
-0.421173	
-0.378723	
-0.378296	
-0.419739	
-0.412781	
-0.405121	
-0.406494	
-0.390869	
-0.394745	
-0.406921	
-0.420929	
-0.409515	
-0.391144	
-0.383514	
-0.39624	
-0.397369	
-0.402527	
-0.418793	
-0.393402	
-0.391998	
-0.413361	
-0.391907	
-0.380554	
-0.419281	
-0.409363	
-0.397614	
-0.433075	
-0.406891	
-0.381866	
-0.414154	
-0.389404	
-0.393616	
-0.439209	
-0.410889	
-0.406158	
-0.40799	
-0.386566	
-0.390137	
-0.404388	
-0.408966	
-0.436005	
-0.415314	
-0.40683	
-0.414063	
-0.380676	
-0.392822	
-0.417603	
-0.41037	
-0.431396	
-0.41394	
-0.400024	
-0.416687	
-0.398285	
-0.398041	
-0.422394	
-0.406586	
-0.421936	
-0.429413	
-0.393524	
-0.404022	
-0.411316	
-0.392029	
-0.412506	
-0.43576	
-0.417603	
-0.416107	
-0.42392	
-0.403107	
-0.390778	
-0.404266	
-0.414001	
-0.417542	
-0.439209	
-0.419189	
-0.3927	
-0.395172	
-0.394012	
-0.39975	
-0.42218	
-0.426056	
-0.417664	
-0.389038	
-0.382233	
-0.409882	
-0.413025	
-0.394775	
-0.411011	
-0.395935	
-0.37851	
-0.412079	
-0.434143	
-0.393066	
-0.375763	
-0.400421	
-0.391388	
-0.394348	
-0.431671	
-0.408356	
-0.362183	
-0.387238	
-0.428772	
-0.412415	
-0.38031	
-0.395721	
-0.396423	
-0.388367	
-0.399048	
-0.43103	
-0.392334	
-0.380249	
-0.404205	
-0.40686	
-0.398529	
-0.389801	
-0.405731	
-0.40918	
-0.409821	
-0.385895	
-0.394623	
-0.416351	
-0.413666	
-0.392944	
-0.382141	
-0.399078	
-0.423462	
-0.415802	
-0.397156	
-0.379456	
-0.412537	
-0.409302	
-0.40564	
-0.381592	
-0.395477	
-0.4133	
-0.412842	
-0.402679	
-0.391266	
-0.396393	
-0.401001	
-0.408783	
-0.398834	
-0.391571	
-0.408752	
-0.41156	
-0.399841	
-0.387146	
-0.398773	
-0.414154	
-0.398285	
-0.39859	
-0.387634	
-0.4086	
-0.394257	
-0.40918	
-0.422394	
-0.401031	
-0.372162	
-0.378174	
-0.413239	
-0.421997	
-0.417725	
-0.40097	
-0.384125	
-0.39621	
-0.402771	
-0.409027	
-0.415527	
-0.389709	
-0.351868	
-0.38443	
-0.439117	
-0.403259	
-0.387939	
-0.410004	
-0.391479	
-0.378265	
-0.422424	
-0.418365	
-0.377136	
-0.401642	
-0.401245	
-0.382141	
-0.418488	
-0.41153	
-0.379089	
-0.39621	
-0.396088	
-0.369049	
-0.407776	
-0.427551	
-0.39679	
-0.419922	
-0.395874	
-0.363037	
-0.386902	
-0.412445	
-0.403015	
-0.408173	
-0.415161	
-0.4021	
-0.388672	
-0.379089	
-0.392334	
-0.391052	
-0.403442	
-0.42041	
-0.400787	
-0.398895	
-0.395691	
-0.374908	
-0.388428	
-0.39624	
-0.394531	
-0.405273	
-0.417297	
-0.394836	
-0.389618	
-0.377838	
-0.382416	
-0.408081	
-0.399109	
-0.392822	
-0.408722	
-0.38913	
-0.388428	
-0.40802	
-0.398254	
-0.387665	
-0.414032	
-0.387634	
-0.381805	
-0.410065	
-0.38147	
-0.388641	
-0.41507	
-0.386475	
-0.383392	
-0.421387	
-0.402649	
-0.395599	
-0.408539	
-0.379883	
-0.378174	
-0.416931	
-0.409607	
-0.390656	
-0.397705	
-0.385742	
-0.354919	
-0.383636	
-0.424805	
-0.407349	
-0.391602	
-0.39682	
-0.361664	
-0.375031	
-0.420532	
-0.405273	
-0.384888	
-0.390594	
-0.36969	
-0.378937	
-0.438873	
-0.409912	
-0.368286	
-0.375916	
-0.392456	
-0.390411	
-0.403198	
-0.420227	
-0.391907	
-0.377808	
-0.377655	
-0.396729	
-0.407104	
-0.387787	
-0.384949	
-0.390839	
-0.402466	
-0.396027	
-0.397308	
-0.393982	
-0.385803	
-0.385101	
-0.383728	
-0.401062	
-0.383392	
-0.375977	
-0.391205	
-0.394562	
-0.386475	
-0.399841	
-0.399475	
-0.375977	
-0.377838	
-0.394806	
-0.406769	
-0.391388	
-0.366699	
-0.374084	
-0.406372	
-0.405548	
-0.385284	
-0.363495	
-0.387024	
-0.410828	
-0.42453	
-0.367706	
-0.357452	
-0.389343	
-0.41095	
-0.396698	
-0.370911	
-0.381012	
-0.376495	
-0.389404	
-0.398621	
-0.398041	
-0.378479	
-0.3638	
-0.387268	
-0.401978	
-0.384888	
-0.387634	
-0.399872	
-0.375305	
-0.362854	
-0.403381	
-0.391968	
-0.387939	
-0.392151	
-0.384399	
-0.359039	
-0.38147	
-0.426086	
-0.399384	
-0.361542	
-0.37442	
-0.391235	
-0.393982	
-0.388	
-0.394714	
-0.377441	
-0.371582	
-0.386749	
-0.410309	
-0.398804	
-0.371918	
-0.391327	
-0.382263	
-0.374725	
-0.394226	
-0.398041	
-0.370972	
-0.389587	
-0.393341	
-0.353912	
-0.378845	
-0.393036	
-0.368103	
-0.401031	
-0.402649	
-0.380981	
-0.393768	
-0.377808	
-0.354706	
-0.392975	
-0.378662	
-0.382904	
-0.420959	
-0.377228	
-0.372467	
-0.378143	
-0.353729	
-0.387543	
-0.398773	
-0.387756	
-0.411438	
-0.383911	
-0.37027	
-0.386383	
-0.357056	
-0.384399	
-0.406097	
-0.371948	
-0.401764	
-0.393524	
-0.354523	
-0.38623	
-0.37561	
-0.377197	
-0.405396	
-0.396118	
-0.389374	
-0.403198	
-0.377594	
-0.369537	
-0.391388	
-0.376007	
-0.38327	
-0.401062	
-0.394531	
-0.376587	
-0.368805	
-0.367401	
-0.366333	
-0.393738	
-0.406891	
-0.400696	
-0.389954	
-0.372253	
-0.357574	
-0.367584	
-0.387604	
-0.405518	
-0.396942	
-0.368896	
-0.371948	
-0.379456	
-0.376617	
-0.391785	
-0.403473	
-0.358887	
-0.346985	
-0.398743	
-0.412323	
-0.384064	
-0.381531	
-0.374817	
-0.352417	
-0.388214	
-0.431976	
-0.383636	
-0.339386	
-0.371704	
-0.401123	
-0.384644	
-0.38028	
-0.380371	
-0.356445	
-0.362671	
-0.39917	
-0.401794	
-0.37323	
-0.369965	
-0.389832	
-0.385376	
-0.361176	
-0.366058	
-0.398285	
-0.398682	
-0.372162	
-0.366547	
-0.376099	
-0.398102	
-0.399506	
-0.368774	
-0.369568	
-0.394562	
-0.406036	
-0.381134	
-0.380493	
-0.387115	
-0.399811	
-0.387115	
-0.372223	
-0.38559	
-0.396057	
-0.39032	
-0.374359	
-0.392822	
-0.394684	
-0.395172	
-0.389893	
-0.381409	
-0.393341	
-0.388977	
-0.387024	
-0.392212	
-0.396179	
-0.385468	
-0.368958	
-0.384949	
-0.391632	
-0.408325	
-0.388123	
-0.361145	
-0.364014	
-0.396332	
-0.422241	
-0.398499	
-0.363556	
-0.35968	
-0.38501	
-0.401215	
-0.392639	
-0.394836	
-0.381104	
-0.371399	
-0.363708	
-0.398041	
-0.418793	
-0.381287	
-0.364349	
-0.389801	
-0.409363	
-0.376862	
-0.390808	
-0.403503	
-0.368011	
-0.391418	
-0.403564	
-0.376312	
-0.381104	
-0.406372	
-0.363617	
-0.37674	
-0.424377	
-0.384705	
-0.382721	
-0.415771	
-0.363708	
-0.36026	
-0.406952	
-0.392059	
-0.388214	
-0.418945	
-0.380951	
-0.375061	
-0.388611	
-0.378174	
-0.384308	
-0.392487	
-0.399139	
-0.397217	
-0.390839	
-0.391602	
-0.378662	
-0.379913	
-0.391235	
-0.391052	
-0.398682	
-0.407532	
-0.395081	
-0.391022	
-0.394073	
-0.37149	
-0.380646	
-0.397888	
-0.410889	
-0.398224	
-0.395447	
-0.398499	
-0.382263	
-0.397308	
-0.396301	
-0.389343	
-0.388947	
-0.378052	
-0.386047	
-0.393372	
-0.388153	
-0.401001	
-0.40683	
-0.372589	
-0.396515	
-0.391937	
-0.36203	
-0.420227	
-0.41449	
-0.367493	
-0.395203	
-0.389648	
-0.366333	
-0.410828	
-0.404755	
-0.37381	
-0.392731	
-0.396393	
-0.377045	
-0.40799	
-0.420288	
-0.385315	
-0.365601	
-0.392761	
-0.396332	
-0.390808	
-0.425201	
-0.400909	
-0.369293	
-0.385437	
-0.405731	
-0.403351	
-0.409058	
-0.386292	
-0.367126	
-0.393402	
-0.428192	
-0.405762	
-0.390869	
-0.393555	
-0.376892	
-0.387909	
-0.423523	
-0.406799	
-0.373932	
-0.379517	
-0.40802	
-0.407104	
-0.391998	
-0.390076	
-0.399658	
-0.404846	
-0.394836	
-0.38562	
-0.397919	
-0.412811	
-0.386597	
-0.390991	
-0.395355	
-0.397644	
-0.402771	
-0.398651	
-0.39682	
-0.384064	
-0.396454	
-0.409912	
-0.399292	
-0.366211	
-0.38266	
-0.434204	
-0.424072	
-0.375092	
-0.368256	
-0.415314	
-0.432404	
-0.392761	
-0.37146	
-0.38028	
-0.418793	
-0.406464	
-0.393524	
-0.39267	
-0.394012	
-0.396057	
-0.397675	
-0.408539	
-0.412354	
-0.396423	
-0.373383	
-0.391174	
-0.424835	
-0.421753	
-0.384033	
-0.381317	
-0.403717	
-0.404144	
-0.390747	
-0.410706	
-0.413849	
-0.410767	
-0.37149	
-0.393005	
-0.414337	
-0.413147	
-0.406006	
-0.388763	
-0.375397	
-0.393524	
-0.432281	
-0.415955	
-0.397797	
-0.407043	
-0.39389	
-0.396973	
-0.406219	
-0.404877	
-0.389832	
-0.401581	
-0.418457	
-0.408234	
-0.392548	
-0.377563	
-0.398407	
-0.395844	
-0.409546	
-0.421082	
-0.396393	
-0.40271	
-0.416809	
-0.391541	
-0.386169	
-0.416901	
-0.396393	
-0.386993	
-0.419189	
-0.393951	
-0.393433	
-0.418091	
-0.389496	
-0.396484	
-0.400421	
-0.390015	
-0.411865	
-0.429504	
-0.395172	
-0.392456	
-0.386536	
-0.381805	
-0.39975	
-0.394257	
-0.411407	
-0.414581	
-0.402893	
-0.401672	
-0.384399	
-0.391113	
-0.405426	
-0.414764	
-0.416199	
-0.415192	
-0.396149	
-0.390472	
-0.400269	
-0.390686	
-0.397766	
-0.401398	
-0.402954	
-0.404266	
-0.413055	
-0.402435	
-0.399841	
-0.409393	
-0.389526	
-0.396027	
-0.413513	
-0.407867	
-0.421509	
-0.409485	
-0.385956	
-0.394531	
-0.390045	
-0.401855	
-0.423767	
-0.423767	
-0.391418	
-0.394135	
-0.381073	
-0.393707	
-0.421265	
-0.418365	
-0.400177	
-0.401855	
-0.391205	
-0.383209	
-0.417938	
-0.414124	
-0.3797	
-0.396027	
-0.419586	
-0.402893	
-0.39386	
-0.404938	
-0.387878	
-0.385773	
-0.414063	
-0.417358	
-0.39682	
-0.389343	
-0.402344	
-0.407684	
-0.409943	
-0.404572	
-0.396606	
-0.393372	
-0.405731	
-0.413818	
-0.397552	
-0.392609	
-0.407806	
-0.414551	
-0.395477	
-0.387238	
-0.398773	
-0.413086	
-0.411591	
-0.394012	
-0.384399	
-0.410278	
-0.421906	
-0.402527	
-0.382965	
-0.399536	
-0.409393	
-0.409637	
-0.391052	
-0.399231	
-0.407654	
-0.399445	
-0.405121	
-0.400543	
-0.391937	
-0.388031	
-0.408905	
-0.414337	
-0.396759	
-0.389587	
-0.400391	
-0.425201	
-0.408936	
-0.375244	
-0.385254	
-0.412964	
-0.418762	
-0.391815	
-0.401855	
-0.394836	
-0.386292	
-0.406555	
-0.435608	
-0.411987	
-0.354095	
-0.371796	
-0.414429	
-0.438995	
-0.409302	
-0.392731	
-0.393555	
-0.379456	
-0.403046	
-0.410339	
-0.413483	
-0.397522	
-0.376556	
-0.377075	
-0.41156	
-0.421082	
-0.376617	
-0.402161	
-0.41629	
-0.382019	
-0.386719	
-0.416718	
-0.405884	
-0.384949	
-0.410065	
-0.399292	
-0.400391	
-0.414764	
-0.384186	
-0.384308	
-0.409637	
-0.397278	
-0.396484	
-0.421722	
-0.406006	
-0.377594	
-0.40097	
-0.394745	
-0.400208	
-0.407104	
-0.408844	
-0.394623	
-0.395721	
-0.39978	
-0.377563	
-0.390625	
-0.400299	
-0.396729	
-0.401276	
-0.403931	
-0.402313	
-0.397522	
-0.395966	
-0.385223	
-0.391876	
-0.39447	
-0.394379	
-0.409027	
-0.405914	
-0.401825	
-0.387177	
-0.397186	
-0.395355	
-0.390015	
-0.404907	
-0.390808	
-0.387878	
-0.403503	
-0.394135	
-0.393341	
-0.409454	
-0.390717	
-0.375793	
-0.397156	
-0.37616	
-0.395416	
-0.416443	
-0.392059	
-0.413635	
-0.392334	
-0.364166	
-0.391907	
-0.424469	
-0.393494	
-0.410736	
-0.40918	
-0.372925	
-0.376465	
-0.411499	
-0.404877	
-0.383698	
-0.395264	
-0.388367	
-0.363464	
-0.414063	
-0.423279	
-0.379181	
-0.384949	
-0.386993	
-0.36438	
-0.39978	
-0.430084	
-0.399139	
-0.372101	
-0.367981	
-0.384399	
-0.412537	
-0.410645	
-0.381287	
-0.372742	
-0.382141	
-0.389435	
-0.413086	
-0.419006	
-0.383881	
-0.356598	
-0.387268	
-0.410309	
-0.395172	
-0.37085	
-0.38974	
-0.403442	
-0.39917	
-0.386139	
-0.396149	
-0.39267	
-0.379944	
-0.364746	
-0.398071	
-0.405609	
-0.385895	
-0.380829	
-0.391083	
-0.392029	
-0.378906	
-0.378693	
-0.398682	
-0.38501	
-0.375641	
-0.397919	
-0.409515	
-0.387482	
-0.364746	
-0.387115	
-0.411407	
-0.394531	
-0.371063	
-0.372314	
-0.394318	
-0.415924	
-0.385864	
-0.379486	
-0.376862	
-0.378082	
-0.389526	
-0.389069	
-0.390656	
-0.380249	
-0.388245	
-0.377991	
-0.387177	
-0.400818	
-0.38269	
-0.36441	
-0.381165	
-0.402008	
-0.390076	
-0.374695	
-0.379242	
-0.386292	
-0.367462	
-0.362244	
-0.410126	
-0.404846	
-0.375458	
-0.367218	
-0.371429	
-0.394379	
-0.405273	
-0.401154	
-0.366302	
-0.366364	
-0.37973	
-0.382782	
-0.384766	
-0.388	
-0.382355	
-0.38623	
-0.383667	
-0.385223	
-0.379791	
-0.369629	
-0.373993	
-0.419678	
-0.383911	
-0.367584	
-0.395599	
-0.380432	
-0.359497	
-0.390472	
-0.393555	
-0.361572	
-0.408783	
-0.390106	
-0.352936	
-0.399567	
-0.379242	
-0.354431	
-0.401245	
-0.3815	
-0.360321	
-0.41217	
-0.388641	
-0.365387	
-0.393341	
-0.341949	
-0.372833	
-0.403015	
-0.381195	
-0.403076	
-0.394958	
-0.36734	
-0.380646	
-0.37146	
-0.367859	
-0.394073	
-0.393951	
-0.395386	
-0.391846	
-0.359802	
-0.368469	
-0.367767	
-0.370087	
-0.402863	
-0.384857	
-0.386627	
-0.399963	
-0.394501	
-0.372467	
-0.384521	
-0.381805	
-0.377655	
-0.395447	
-0.379852	
-0.386108	
-0.39447	
-0.381805	
-0.370087	
-0.375671	
-0.370239	
-0.383514	
-0.410309	
-0.390381	
-0.38089	
-0.369568	
-0.354309	
-0.387482	
-0.413391	
-0.395294	
-0.396149	
-0.386627	
-0.356232	
-0.371063	
-0.400696	
-0.383667	
-0.390411	
-0.400452	
-0.365692	
-0.366669	
-0.404999	
-0.394135	
-0.363556	
-0.371002	
-0.385895	
-0.380981	
-0.400177	
-0.394867	
-0.365173	
-0.359924	
-0.387939	
-0.400696	
-0.388062	
-0.367584	
-0.364532	
-0.375397	
-0.383026	
-0.391937	
-0.383331	
-0.377777	
-0.373199	
-0.37677	
-0.382324	
-0.380707	
-0.38504	
-0.391968	
-0.384094	
-0.375092	
-0.378754	
-0.393585	
-0.38147	
-0.364868	
-0.371521	
-0.4021	
-0.401703	
-0.375977	
-0.362518	
-0.383179	
-0.406799	
-0.387115	
-0.370972	
-0.384155	
-0.401001	
-0.392059	
-0.377441	
-0.370331	
-0.387939	
-0.396301	
-0.396118	
-0.382019	
-0.372742	
-0.373718	
-0.389679	
-0.405334	
-0.391113	
-0.36908	
-0.376099	
-0.386383	
-0.400696	
-0.400513	
-0.395508	
-0.369537	
-0.359161	
-0.395081	
-0.417206	
-0.388458	
-0.359314	
-0.372742	
-0.389771	
-0.388947	
-0.39563	
-0.389313	
-0.375488	
-0.37796	
-0.381744	
-0.381775	
-0.396118	
-0.405426	
-0.368469	
-0.384674	
-0.40097	
-0.379822	
-0.368561	
-0.409698	
-0.394623	
-0.357391	
-0.392273	
-0.393707	
-0.372345	
-0.38504	
-0.397705	
-0.376648	
-0.391937	
-0.402405	
-0.367493	
-0.386292	
-0.396179	
-0.369812	
-0.402557	
-0.404022	
-0.366943	
-0.37619	
-0.404022	
-0.378662	
-0.382965	
-0.403809	
-0.381256	
-0.380707	
-0.399689	
-0.385162	
-0.376434	
-0.405548	
-0.396484	
-0.369843	
-0.391785	
-0.379547	
-0.377563	
-0.399658	
-0.399811	
-0.404175	
-0.393127	
-0.384064	
-0.383881	
-0.388947	
-0.381653	
-0.392151	
-0.395264	
-0.402069	
-0.398407	
-0.382355	
-0.392151	
-0.37674	
-0.384796	
-0.390564	
-0.378754	
-0.40509	
-0.407349	
-0.386353	
-0.395172	
-0.38382	
-0.362671	
-0.400238	
-0.399078	
-0.394196	
-0.424835	
-0.375	
-0.364868	
-0.392548	
-0.372894	
-0.382294	
-0.420959	
-0.392883	
-0.376984	
-0.399109	
-0.39325	
-0.376678	
-0.407867	
-0.4104	
-0.375916	
-0.38205	
-0.40448	
-0.390717	
-0.388367	
-0.422394	
-0.383636	
-0.373352	
-0.407471	
-0.409454	
-0.388397	
-0.392914	
-0.38443	
-0.388184	
-0.408936	
-0.399658	
-0.385437	
-0.389862	
-0.382446	
-0.397491	
-0.415649	
-0.407501	
-0.366608	
-0.370422	
-0.413788	
-0.41922	
-0.382904	
-0.368561	
-0.400818	
-0.421326	
-0.399139	
-0.380035	
-0.393921	
-0.398865	
-0.392303	
-0.392456	
-0.404877	
-0.397461	
-0.390625	
-0.406738	
-0.409882	
-0.390503	
-0.380585	
-0.402344	
-0.412415	
-0.39032	
-0.381989	
-0.410736	
-0.41864	
-0.388641	
-0.375885	
-0.404083	
-0.420746	
-0.39386	
-0.367676	
-0.400574	
-0.416229	
-0.403748	
-0.384338	
-0.392792	
-0.404449	
-0.391785	
-0.384735	
-0.403534	
-0.409576	
-0.400696	
-0.393555	
-0.398987	
-0.411804	
-0.409973	
-0.405426	
-0.390991	
-0.391663	
-0.406921	
-0.413147	
-0.407043	
-0.419983	
-0.40863	
-0.385468	
-0.377441	
-0.417694	
-0.439789	
-0.390228	
-0.377075	
-0.398102	
-0.414215	
-0.396179	
-0.410492	
-0.409149	
-0.388702	
-0.395477	
-0.406464	
-0.394623	
-0.399872	
-0.411896	
-0.409088	
-0.407715	
-0.40509	
-0.375519	
-0.389496	
-0.406464	
-0.406342	
-0.417084	
-0.415009	
-0.398285	
-0.394867	
-0.406891	
-0.388733	
-0.395691	
-0.409485	
-0.405579	
-0.402527	
-0.411957	
-0.404358	
-0.395844	
-0.403229	
-0.398376	
-0.39325	
-0.408356	
-0.414581	
-0.428833	
-0.405914	
-0.394073	
-0.387085	
-0.386932	
-0.397491	
-0.403168	
-0.417084	
-0.415161	
-0.411835	
-0.390472	
-0.385223	
-0.386627	
-0.401764	
-0.416473	
-0.416046	
-0.42569	
-0.39975	
-0.38504	
-0.399872	
-0.387939	
-0.404572	
-0.407806	
-0.404877	
-0.411987	
-0.4086	
-0.392487	
-0.400818	
-0.402496	
-0.398834	
-0.407684	
-0.403748	
-0.400635	
-0.412323	
-0.40918	
-0.403595	
-0.390778	
-0.392792	
-0.41217	
-0.404327	
-0.421112	
-0.412842	
-0.382843	
-0.382324	
-0.411102	
-0.394958	
-0.405365	
-0.431	
-0.403839	
-0.389008	
-0.401886	
-0.400452	
-0.393494	
-0.414459	
-0.421051	
-0.39859	
-0.400391	
-0.406586	
-0.392609	
-0.391937	
-0.409393	
-0.418427	
-0.403015	
-0.399139	
-0.405182	
-0.40509	
-0.395508	
-0.403625	
-0.409363	
-0.395813	
-0.394501	
-0.402222	
-0.415161	
-0.408936	
-0.403015	
-0.403595	
-0.392303	
-0.396423	
-0.410858	
-0.404785	
-0.401886	
-0.402435	
-0.408325	
-0.393219	
-0.391052	
-0.404175	
-0.424164	
-0.399811	
-0.38092	
-0.39325	
-0.427032	
-0.412231	
-0.381866	
-0.383698	
-0.417084	
-0.418304	
-0.390533	
-0.383575	
-0.403412	
-0.407837	
-0.404358	
-0.409119	
-0.404327	
-0.39389	
-0.394714	
-0.428711	
-0.416901	
-0.375336	
-0.371307	
-0.413086	
-0.429993	
-0.402557	
-0.37677	
-0.396912	
-0.410492	
-0.403503	
-0.405609	
-0.410736	
-0.385773	
-0.370026	
-0.407623	
-0.425598	
-0.406006	
-0.389587	
-0.384857	
-0.402588	
-0.408875	
-0.407959	
-0.403473	
-0.402832	
-0.388458	
-0.38147	
-0.404388	
-0.40799	
-0.39093	
-0.393036	
-0.415436	
-0.395203	
-0.375427	
-0.40686	
-0.414581	
-0.400269	
-0.388824	
-0.408813	
-0.397949	
-0.386902	
-0.398499	
-0.400543	
-0.398743	
-0.4039	
-0.402191	
-0.398163	
-0.389435	
-0.399628	
-0.40625	
-0.416107	
-0.404266	
-0.386871	
-0.389191	
-0.397552	
-0.386719	
-0.408875	
-0.413788	
-0.383026	
-0.414825	
-0.39502	
-0.367462	
-0.410065	
-0.404297	
-0.396912	
-0.424042	
-0.395538	
-0.373016	
-0.397888	
-0.388458	
-0.3862	
-0.407471	
-0.392914	
-0.408081	
-0.403595	
-0.391754	
-0.388794	
-0.381531	
-0.394775	
-0.402344	
-0.406647	
-0.39978	
-0.405304	
-0.397614	
-0.379272	
-0.38324	
-0.384705	
-0.39035	
-0.406067	
-0.41684	
-0.405579	
-0.383392	
-0.383423	
-0.370056	
-0.396393	
-0.402527	
-0.409607	
-0.407166	
-0.397552	
-0.382141	
-0.368713	
-0.39328	
-0.418518	
-0.406769	
-0.393127	
-0.393646	
-0.382843	
-0.378815	
-0.416382	
-0.396851	
-0.373108	
-0.395325	
-0.379211	
-0.380646	
-0.418243	
-0.409027	
-0.368958	
-0.383545	
-0.395508	
-0.395416	
-0.401154	
-0.383148	
-0.378387	
-0.389557	
-0.393585	
-0.407196	
-0.405884	
-0.382782	
-0.356781	
-0.387604	
-0.419586	
-0.403595	
-0.363159	
-0.36142	
-0.40979	
-0.411896	
-0.378998	
-0.366943	
-0.398529	
-0.394501	
-0.372467	
-0.380524	
-0.409912	
-0.391418	
-0.365631	
-0.398804	
-0.404358	
-0.36676	
-0.367371	
-0.399139	
-0.408447	
-0.380219	
-0.382355	
-0.399872	
-0.395081	
-0.373932	
-0.373322	
-0.399841	
-0.407288	
-0.378937	
-0.37204	
-0.396973	
-0.398712	
-0.377777	
-0.366394	
-0.385376	
-0.398193	
-0.384491	
-0.374023	
-0.385803	
-0.396881	
-0.382446	
-0.379059	
-0.387329	
-0.38916	
-0.387726	
-0.38504	
-0.373962	
-0.38324	
-0.390594	
-0.385437	
-0.36731	
-0.375702	
-0.385284	
-0.382538	
-0.378235	
-0.394287	
-0.390808	
-0.362122	
-0.365173	
-0.402802	
-0.40271	
-0.37146	
-0.380096	
-0.387421	
-0.372742	
-0.380707	
-0.396545	
-0.385376	
	
