E:\DOCUMENTS AND SETTINGS\JPOTAS\MEUS DOCUMENTOS\UFRJ\RSCI-BM 12 WK SERIES\070730-RSCI-BM-09\RSCI-BM-09-LSN\070730-RSCI-BM-09-LSN-0013.ACQ
0.025000 msec/sample
1 channel
Analog input
Volts
CH1	
2000	
-0.416016	
-0.415314	
-0.44812	
-0.417328	
-0.433441	
-0.420532	
-0.420013	
-0.429108	
-0.406067	
-0.418762	
-0.423248	
-0.432465	
-0.436066	
-0.422363	
-0.417358	
-0.424011	
-0.405243	
-0.408417	
-0.422974	
-0.449341	
-0.405701	
-0.432343	
-0.435638	
-0.429993	
-0.427917	
-0.417725	
-0.414703	
-0.406342	
-0.437164	
-0.416199	
-0.41861	
-0.430603	
-0.421844	
-0.433197	
-0.425415	
-0.421173	
-0.434418	
-0.4104	
-0.427124	
-0.408508	
-0.440643	
-0.414246	
-0.429932	
-0.419098	
-0.431824	
-0.421173	
-0.414734	
-0.419159	
-0.397461	
-0.427948	
-0.412689	
-0.413483	
-0.422974	
-0.420624	
-0.424316	
-0.429321	
-0.423248	
-0.413025	
-0.399506	
-0.415741	
-0.394592	
-0.438904	
-0.418304	
-0.412811	
-0.395111	
-0.415588	
-0.4263	
-0.43631	
-0.420105	
-0.401642	
-0.421814	
-0.42276	
-0.422699	
-0.421906	
-0.417725	
-0.408051	
-0.437531	
-0.429474	
-0.430145	
-0.420135	
-0.421631	
-0.396973	
-0.420776	
-0.426575	
-0.430267	
-0.414581	
-0.425873	
-0.422516	
-0.423279	
-0.441925	
-0.423279	
-0.429108	
-0.410278	
-0.410126	
-0.42337	
-0.425049	
-0.409027	
-0.410889	
-0.416595	
-0.432617	
-0.416901	
-0.455719	
-0.40567	
-0.430359	
-0.417603	
-0.432343	
-0.416382	
-0.416138	
-0.417297	
-0.416748	
-0.432587	
-0.400757	
-0.422882	
-0.422394	
-0.413208	
-0.427856	
-0.431763	
-0.418396	
-0.408264	
-0.411163	
-0.408203	
-0.410095	
-0.44632	
-0.419403	
-0.418884	
-0.428925	
-0.432373	
-0.408783	
-0.415894	
-0.409027	
-0.386078	
-0.422028	
-0.417786	
-0.421875	
-0.414825	
-0.414734	
-0.421387	
-0.433624	
-0.406067	
-0.405914	
-0.399506	
-0.416107	
-0.389832	
-0.442078	
-0.416901	
-0.419617	
-0.409668	
-0.406342	
-0.408691	
-0.415924	
-0.398773	
-0.395081	
-0.425964	
-0.410675	
-0.409668	
-0.435852	
-0.419006	
-0.411926	
-0.418488	
-0.411469	
-0.404846	
-0.407074	
-0.41275	
-0.397522	
-0.430511	
-0.419373	
-0.415894	
-0.40976	
-0.412933	
-0.407715	
-0.410522	
-0.42981	
-0.413269	
-0.441589	
-0.419128	
-0.427277	
-0.424713	
-0.414764	
-0.39856	
-0.42038	
-0.417114	
-0.428741	
-0.424744	
-0.447205	
-0.413544	
-0.435028	
-0.414368	
-0.425812	
-0.408783	
-0.414124	
-0.412445	
-0.429169	
-0.43222	
-0.414795	
-0.435303	
-0.419525	
-0.418121	
-3.19708	
-7.0871	
-3.88943	
-2.63647	
-2.15842	
-1.93439	
3.18442	
4.061	
2.1806	
0.810699	
0.304474	
0.065155	
-0.0509644	
-0.117554	
-0.177917	
-0.194122	
-0.248108	
-0.251312	
-0.279205	
-0.27356	
-0.27594	
-0.299744	
-0.305664	
-0.294434	
-0.312561	
-0.300934	
-0.312073	
-0.292603	
-0.330505	
-0.294434	
-0.308777	
-0.288513	
-0.298279	
-0.285919	
-0.278046	
-0.262451	
-0.253357	
-0.302216	
-0.281555	
-0.275116	
-0.289856	
-0.312927	
-0.344208	
-0.378113	
-0.373779	
-0.397308	
-0.399078	
-0.408936	
-0.407532	
-0.449677	
-0.438538	
-0.440399	
-0.443665	
-0.465332	
-0.459717	
-0.46994	
-0.474091	
-0.472168	
-0.485504	
-0.478699	
-0.479767	
-0.488953	
-0.47168	
-0.452515	
-0.452515	
-0.446045	
-0.444794	
-0.418884	
-0.419067	
-0.379425	
-0.390747	
-0.382538	
-0.395142	
-0.388977	
-0.383301	
-0.37735	
-0.369354	
-0.390137	
-0.364258	
-0.394562	
-0.388947	
-0.381409	
-0.3815	
-0.402954	
-0.391083	
-0.390503	
-0.382874	
-0.385712	
-0.3797	
-0.411682	
-0.389862	
-0.408447	
-0.388916	
-0.406006	
-0.379059	
-0.382172	
-0.391632	
-0.396057	
-0.399841	
-0.385376	
-0.428558	
-0.420532	
-0.392883	
-0.404877	
-0.40686	
-0.377594	
-0.382446	
-0.395325	
-0.398438	
-0.399841	
-0.430817	
-0.400848	
-0.397583	
-0.399841	
-0.404114	
-0.402313	
-0.395599	
-0.388245	
-0.385345	
-0.412811	
-0.383728	
-0.397278	
-0.408356	
-0.396454	
-0.406494	
-0.415222	
-0.381622	
-0.403778	
-0.394318	
-0.396118	
-0.373199	
-0.4263	
-0.399963	
-0.407715	
-0.390747	
-0.401337	
-0.401154	
-0.397217	
-0.393616	
-0.395477	
-0.41983	
-0.404419	
-0.410583	
-0.421967	
-0.395599	
-0.40332	
-0.402435	
-0.40329	
-0.409119	
-0.417847	
-0.412994	
-0.392151	
-0.424652	
-0.388763	
-0.399475	
-0.403412	
-0.400452	
-0.404053	
-0.422485	
-0.425293	
-0.388458	
-0.420563	
-0.405975	
-0.399109	
-0.397491	
-0.409576	
-0.39447	
-0.407257	
-0.399811	
-0.405365	
-0.391205	
-0.414673	
-0.388611	
-0.413635	
-0.405273	
-0.416473	
-0.40918	
-0.408112	
-0.39032	
-0.406067	
-0.421875	
-0.400116	
-0.410217	
-0.417175	
-0.399536	
-0.413269	
-0.411743	
-0.399384	
-0.404205	
-0.398651	
-0.407288	
-0.413177	
-0.447449	
-0.408142	
-0.418152	
-0.406281	
-0.403625	
-0.406921	
-0.408875	
-0.418976	
-0.397644	
-0.408752	
-0.385651	
-0.415131	
-0.420654	
-0.406464	
-0.405975	
-0.4151	
-0.411224	
-0.415161	
-0.411194	
-0.402588	
-0.38208	
-0.415161	
-0.40451	
-0.415161	
-0.39801	
-0.414856	
-0.391083	
-0.403076	
-0.401855	
-0.398804	
-0.420624	
-0.394287	
-0.398468	
-0.40976	
-0.400452	
-0.400299	
-0.411743	
-0.405853	
-0.399811	
-0.397797	
-0.406769	
-0.386169	
-0.416077	
-0.40448	
-0.407135	
-0.400177	
-0.399323	
-0.398468	
-0.410828	
-0.41803	
-0.396881	
-0.415558	
-0.405487	
-0.403687	
-0.416443	
-0.407104	
-0.404541	
-0.408997	
-0.406281	
-0.408203	
-0.409668	
-0.431	
-0.395569	
-0.411682	
-0.399719	
-0.404968	
-0.394379	
-0.407379	
-0.413696	
-0.418549	
-0.441437	
-0.400818	
-0.412415	
-0.410217	
-0.409088	
-0.40097	
-0.405029	
-0.403992	
-0.408813	
-0.419067	
-0.422516	
-0.402985	
-0.446289	
-0.411652	
-0.412048	
-0.397125	
-0.420685	
-0.398163	
-0.409698	
-0.413055	
-0.413177	
-0.431366	
-0.403107	
-0.4133	
-0.412079	
-0.402985	
-0.409698	
-0.418854	
-0.404175	
-0.41275	
-0.407501	
-0.417908	
-0.41217	
-0.435181	
-0.401154	
-0.406189	
-0.406097	
-0.399048	
-0.406342	
-0.414795	
-0.415161	
-0.404572	
-0.429138	
-0.410278	
-0.407776	
-0.404236	
-0.400085	
-0.400848	
-0.418427	
-0.411682	
-0.420624	
-0.406799	
-0.421692	
-0.386749	
-0.413422	
-0.393524	
-0.401642	
-0.387909	
-0.410187	
-0.406952	
-0.411743	
-0.415131	
-0.395538	
-0.41745	
-0.403351	
-0.395538	
-0.408356	
-0.410919	
-0.408081	
-0.414307	
-0.414551	
-0.41629	
-0.419342	
-0.412415	
-0.385773	
-0.420349	
-0.404846	
-0.404724	
-0.400604	
-0.417847	
-0.419281	
-0.430206	
-0.444672	
-0.41037	
-0.440887	
-0.414612	
-0.4151	
-0.407196	
-0.417511	
-0.411346	
-0.430481	
-0.41803	
-0.424957	
-0.414948	
-0.436951	
-0.397858	
-0.427887	
-0.417328	
-0.42627	
-0.417969	
-0.418915	
-0.411591	
-0.410522	
-0.440094	
-0.419525	
-0.428467	
-0.420471	
-0.411407	
-0.421417	
-0.419647	
-0.412445	
-0.418091	
-0.407501	
-0.419159	
-0.409882	
-0.438293	
-0.407745	
-0.417114	
-0.425201	
-0.427826	
-0.405884	
-0.406006	
-0.410553	
-0.404694	
-0.425903	
-0.402069	
-0.423645	
-0.420319	
-0.415375	
-0.421051	
-0.423462	
-0.414124	
-0.418518	
-0.409912	
-0.422424	
-0.390869	
-0.428192	
-0.412201	
-0.423096	
-0.417114	
-0.428162	
-0.418304	
-0.416321	
-0.412231	
-0.406738	
-0.429077	
-0.416321	
-0.42099	
-0.43161	
-0.418549	
-0.407654	
-0.434143	
-0.421722	
-0.423126	
-0.41925	
-0.431732	
-0.411499	
-0.430756	
-0.42514	
-0.415039	
-0.395721	
-0.422211	
-0.437988	
-0.430298	
-0.437988	
-0.424957	
-0.433716	
-0.401428	
-0.40979	
-0.430939	
-0.406403	
-0.415009	
-0.429871	
-0.435242	
-0.436646	
-0.430145	
-0.438141	
-0.395752	
-0.433411	
-0.412903	
-0.421936	
-0.417664	
-0.426422	
-0.431244	
-0.437683	
-0.447296	
-0.401398	
-0.444946	
-0.429138	
-0.414459	
-0.422211	
-0.432129	
-0.410461	
-0.424927	
-0.423035	
-0.420807	
-0.429993	
-0.453735	
-0.408325	
-0.425781	
-0.421478	
-0.43045	
-0.406647	
-0.413605	
-0.417725	
-0.423706	
-0.427124	
-0.420074	
-0.427246	
-0.422546	
-0.417114	
-0.435852	
-0.416229	
-0.417236	
-0.434692	
-0.409332	
-0.424744	
-0.414154	
-0.435883	
-0.407074	
-0.429596	
-0.427277	
-0.426758	
-0.434235	
-0.424744	
-0.426727	
-0.398224	
-0.439667	
-0.416901	
-0.427032	
-0.44519	
-0.426605	
-0.422638	
-0.437012	
-0.425293	
-0.418365	
-0.423065	
-0.436859	
-0.403778	
-0.447113	
-0.431519	
-0.440094	
-0.417358	
-0.444153	
-0.422882	
-0.439972	
-0.427917	
-0.413208	
-0.448669	
-0.437714	
-0.418243	
-0.424438	
-0.426819	
-0.418945	
-0.432159	
-0.433899	
-0.424622	
-0.427399	
-0.426147	
-0.407745	
-0.429901	
-0.421356	
-0.416138	
-0.414581	
-0.424286	
-0.427063	
-0.428284	
-0.437531	
-0.411163	
-0.429657	
-0.422424	
-0.412781	
-0.418182	
-0.421082	
-0.417328	
-0.425598	
-0.420776	
-0.431488	
-0.412689	
-0.448517	
-0.400665	
-0.424438	
-0.420685	
-0.440094	
-0.420288	
-0.420105	
-0.421295	
-0.419189	
-0.445557	
-0.423492	
-0.424896	
-0.418579	
-0.416473	
-0.429535	
-0.424072	
-0.414612	
-0.407074	
-0.429718	
-0.425385	
-0.418457	
-0.445007	
-0.419952	
-0.433014	
-0.423798	
-0.436798	
-0.416595	
-0.413269	
-0.413239	
-0.406921	
-0.434418	
-0.408356	
-0.422058	
-0.423645	
-0.42511	
-0.428497	
-0.428772	
-0.40567	
-0.419708	
-0.421997	
-0.424744	
-0.389679	
-0.428772	
-0.418274	
-0.409119	
-0.410645	
-0.430481	
-0.421692	
-0.416473	
-0.408203	
-0.401245	
-0.411224	
-0.410583	
-0.40863	
-0.42041	
-0.415741	
-0.423584	
-0.427338	
-0.410187	
-0.414063	
-0.409027	
-0.412323	
-0.38208	
-0.418732	
-0.411835	
-0.415405	
-0.407043	
-0.413086	
-0.421875	
-0.42157	
-0.422729	
-0.397522	
-0.427521	
-0.394653	
-0.396271	
-0.425262	
-0.414429	
-0.404266	
-0.422058	
-0.414948	
-0.405426	
-0.400879	
-0.409882	
-0.388306	
-0.421234	
-0.406677	
-0.413849	
-0.416473	
-0.415558	
-0.413116	
-0.42038	
-0.4198	
-0.394653	
-0.419342	
-0.407104	
-0.411652	
-0.412811	
-0.421326	
-0.4133	
-0.417206	
-0.4133	
-0.420898	
-0.408081	
-0.431885	
-0.403473	
-0.421234	
-0.409088	
-0.436157	
-0.421661	
-0.415833	
-0.406128	
-0.405273	
-0.423035	
-0.398285	
-0.421509	
-0.43042	
-0.415161	
-0.416351	
-0.421021	
-0.416626	
-0.411621	
-0.406494	
-0.423584	
-0.398926	
-0.427216	
-0.403687	
-0.411957	
-0.415405	
-0.42453	
-0.424347	
-0.418182	
-0.409729	
-0.392212	
-0.423065	
-0.394135	
-0.410248	
-0.414246	
-0.407013	
-0.406494	
-0.422394	
-0.406097	
-0.401428	
-0.39505	
-0.414398	
-0.388092	
-0.421387	
-0.392303	
-0.408936	
-0.398468	
-0.416077	
-0.398407	
-0.410217	
-0.415131	
-0.392792	
-0.40799	
-0.39975	
-0.395294	
-0.399414	
-0.401794	
-0.419464	
-0.42868	
-0.415924	
-0.421387	
-0.407654	
-0.409119	
-0.395294	
-0.425507	
-0.413025	
-0.402985	
-0.404572	
-0.421143	
-0.419495	
-0.412384	
-0.427521	
-0.406403	
-0.419373	
-0.407959	
-0.417358	
-0.408112	
-0.411896	
-0.407349	
-0.426147	
-0.411194	
-0.412811	
-0.40625	
-0.44278	
-0.401123	
-0.411133	
-0.397339	
-0.417328	
-0.412903	
-0.411804	
-0.409576	
-0.406738	
-0.43103	
-0.409485	
-0.414001	
-0.418427	
-0.416412	
-0.411316	
-0.403595	
-0.393066	
-0.408081	
-0.4151	
-0.412445	
-0.403809	
-0.425781	
-0.393433	
-0.40387	
-0.410583	
-0.437897	
-0.402649	
-0.399292	
-0.406677	
-0.399872	
-0.411163	
-0.389465	
-0.408356	
-0.400452	
-0.411102	
-0.424469	
-0.418304	
-0.389496	
-0.40213	
-0.397552	
-0.406555	
-0.386719	
-0.436676	
-0.401459	
-0.403534	
-0.411285	
-0.419647	
-0.409729	
-0.404114	
-0.405212	
-0.389801	
-0.409393	
-0.396851	
-0.390015	
-0.418121	
-0.40741	
-0.408966	
-0.418091	
-0.408844	
-0.409637	
-0.414825	
-0.410522	
-0.381622	
-0.42691	
-0.404205	
-0.39856	
-0.397217	
-0.419495	
-0.412598	
-0.41626	
-0.423798	
-0.404388	
-0.426544	
-0.397552	
-0.40274	
-0.411133	
-0.40506	
-0.405518	
-0.420532	
-0.415771	
-0.415588	
-0.408722	
-0.426666	
-0.4039	
-0.414154	
-0.408691	
-0.413849	
-0.4039	
-0.409576	
-0.406586	
-0.412964	
-0.429504	
-0.412048	
-0.424225	
-0.423187	
-0.404938	
-0.400085	
-0.40509	
-0.381287	
-0.396851	
-0.405457	
-0.420593	
-0.405426	
-0.438477	
-0.393616	
-0.398346	
-0.397308	
-0.413391	
-0.393799	
-0.399689	
-0.405304	
-0.401154	
-0.412384	
-0.386841	
-0.405334	
-0.411865	
-0.393738	
-0.406738	
-0.407745	
-0.408295	
-0.400909	
-0.404816	
-0.419067	
-0.395996	
-0.425293	
-0.407562	
-0.417267	
-0.394592	
-0.412048	
-0.401306	
-0.404236	
-0.418365	
-0.393799	
-0.422394	
-0.400085	
-0.407776	
-0.403381	
-0.408875	
-0.415314	
-0.431793	
-0.421295	
-0.406647	
-0.392944	
-0.412292	
-0.387543	
-0.419159	
-0.412964	
-0.425995	
-0.401642	
-0.407013	
-0.395203	
-0.419312	
-0.415131	
-0.407135	
-0.416077	
-0.405243	
-0.399445	
-0.416779	
-0.404358	
-0.410614	
-0.419189	
-0.415741	
-0.408569	
-0.405182	
-0.41449	
-0.395203	
-0.408691	
-0.409332	
-0.411591	
-0.403381	
-0.395203	
-0.408264	
-0.408234	
-0.434143	
-0.407501	
-0.418793	
-0.407654	
-0.398193	
-0.416779	
-0.41684	
-0.407166	
-0.411652	
-0.407227	
-0.412567	
-0.404144	
-0.442871	
-0.396454	
-0.411713	
-0.40155	
-0.427765	
-0.40094	
-0.411774	
-0.405182	
-0.405457	
-0.41391	
-0.404968	
-0.42511	
-0.420563	
-0.417755	
-0.411591	
-0.401825	
-0.394592	
-0.404999	
-0.409271	
-0.415192	
-0.419586	
-0.437164	
-0.404755	
-0.411224	
-0.415253	
-0.419525	
-0.405396	
-0.402832	
-0.403503	
-0.401428	
-0.427155	
-0.408752	
-0.417877	
-0.41925	
-0.410828	
-0.415436	
-0.421021	
-0.402405	
-0.410309	
-0.39563	
-0.419678	
-0.406372	
-0.440979	
-0.407562	
-0.426147	
-0.414856	
-0.406677	
-0.401459	
-0.404602	
-0.408875	
-0.409698	
-0.431122	
-0.410217	
-0.413757	
-0.413849	
-0.399658	
-0.41687	
-0.41452	
-0.406738	
-0.416321	
-0.410522	
-0.405518	
-0.402618	
-0.423798	
-0.402527	
-0.418854	
-0.39502	
-0.398315	
-0.41571	
-0.412811	
-0.420471	
-0.405273	
-0.43222	
-0.398834	
-0.41098	
-0.414886	
-0.406342	
-0.40097	
-0.417999	
-0.412994	
-0.417877	
-0.405579	
-0.424835	
-0.387878	
-0.41333	
-0.40506	
-0.413239	
-0.404755	
-0.416382	
-0.421326	
-0.411316	
-0.422424	
-0.416626	
-0.424194	
-0.421326	
-0.422516	
-0.420929	
-0.416321	
-0.394928	
-0.41507	
-0.418823	
-0.425079	
-0.405182	
-0.445526	
-0.422607	
-0.421509	
-0.4086	
-0.42804	
-0.424316	
-0.414948	
-0.416351	
-0.410797	
-0.424133	
-0.406494	
-0.422791	
-0.42038	
-0.421204	
-0.429932	
-0.426147	
-0.408142	
-0.407013	
-0.410339	
-0.42514	
-0.409393	
-0.43573	
-0.400818	
-0.424377	
-0.431702	
-0.426941	
-0.402374	
-0.41275	
-0.421478	
-0.402405	
-0.427185	
-0.394775	
-0.407623	
-0.406525	
-0.419586	
-0.416412	
-0.421967	
-0.405212	
-0.412842	
-0.413727	
-0.419037	
-0.401886	
-0.429352	
-0.416382	
-0.414948	
-0.399841	
-0.426453	
-0.424713	
-0.421417	
-0.411743	
-0.396606	
-0.4198	
-0.420349	
-0.416748	
-0.42572	
-0.417847	
-0.415466	
-0.42099	
-0.418884	
-0.429382	
-0.418854	
-0.426971	
-0.395477	
-0.429474	
-0.420898	
-0.41452	
-0.413086	
-0.440399	
-0.425842	
-0.405914	
-0.435455	
-0.419373	
-0.432953	
-0.416016	
-0.422485	
-0.422577	
-0.417786	
-0.426941	
-0.425873	
-0.407562	
-0.41864	
-0.428528	
-0.444641	
-0.399597	
-0.423401	
-0.414703	
-0.428986	
-0.422546	
-0.425995	
-0.41864	
-0.415192	
-0.434509	
-0.399811	
-0.421722	
-0.434418	
-0.419983	
-0.419556	
-0.438141	
-0.406555	
-0.409485	
-0.416443	
-0.416595	
-0.400513	
-0.439453	
-0.411377	
-0.416443	
-0.431458	
-0.430969	
-0.406006	
-0.419922	
-0.422211	
-0.396942	
-0.415314	
-0.405701	
-0.413635	
-0.421753	
-0.410828	
-0.434906	
-0.432007	
-0.4086	
-0.421265	
-0.406219	
-0.408966	
-0.389801	
-0.430328	
-0.408936	
-0.429688	
-0.419189	
-0.421173	
-0.425812	
-0.41629	
-0.414307	
-0.404419	
-0.426117	
-0.40274	
-0.416046	
-0.423248	
-0.415833	
-0.429901	
-0.441315	
-0.428589	
-0.417847	
-0.416229	
-0.421478	
-0.397949	
-0.427094	
-0.424438	
-0.423981	
-0.405579	
-0.440002	
-0.428955	
-0.423981	
-0.43158	
-0.427582	
-0.439453	
-0.412323	
-0.414825	
-0.429565	
-0.420715	
-0.418182	
-0.439636	
-0.428192	
-0.417389	
-0.407867	
-0.441345	
-0.413239	
-0.42804	
-0.412262	
-0.422577	
-0.411682	
-0.412292	
-0.437988	
-0.433105	
-0.437286	
-0.409668	
-0.416107	
-0.419189	
-0.418152	
-0.428467	
-0.416748	
-0.411774	
-0.407745	
-0.409363	
-0.424255	
-0.410614	
-0.453247	
-0.403595	
-0.418884	
-0.409698	
-0.444489	
-0.414276	
-0.407532	
-0.40802	
-0.411255	
-0.431702	
-0.408356	
-0.423065	
-0.430786	
-0.424316	
-0.421356	
-0.423859	
-0.415619	
-0.410675	
-0.416199	
-0.420166	
-0.410461	
-0.440826	
-0.416168	
-0.414398	
-0.423096	
-0.434998	
-0.42514	
-0.411774	
-0.406799	
-0.407898	
-0.422791	
-0.412354	
-0.40387	
-0.414185	
-0.425354	
-0.42688	
-0.432312	
-0.413116	
-0.423431	
-0.406982	
-0.423248	
-0.396271	
-0.437195	
-0.417358	
-0.410858	
-0.409424	
-0.426483	
-0.420532	
-0.418091	
-0.428253	
-0.408051	
-0.429382	
-0.428101	
-0.416534	
-0.402222	
-0.398651	
-0.428894	
-0.423279	
-0.416473	
-0.422058	
-0.424957	
-0.419617	
-0.393982	
-0.414825	
-0.401215	
-0.408356	
-0.415649	
-0.429108	
-0.417999	
-0.413483	
-0.433868	
-0.409454	
-0.423157	
-0.401123	
-0.408875	
-0.416138	
-0.409821	
-0.406464	
-0.424896	
-0.426636	
-0.429382	
-0.412476	
-0.434265	
-0.400024	
-0.420288	
-0.397552	
-0.405945	
-0.406281	
-0.427338	
-0.414612	
-0.41687	
-0.428894	
-0.399658	
-0.412659	
-0.412933	
-0.40033	
-0.39859	
-0.416229	
-0.415741	
-0.420288	
-0.413208	
-0.423096	
-0.404297	
-0.417938	
-0.398071	
-0.408173	
-0.406494	
-0.426086	
-0.433807	
-0.413513	
-0.412903	
-0.410126	
-0.421875	
-0.394165	
-0.416382	
-0.415558	
-0.408478	
-0.430573	
-0.430084	
-0.406677	
-0.423065	
-0.408936	
-0.41983	
-0.388397	
-0.430756	
-0.408905	
-0.426422	
-0.416443	
-0.420197	
-0.416443	
-0.414246	
-0.4198	
-0.407684	
-0.420776	
-0.408844	
-0.415497	
-0.408752	
-0.399261	
-0.42099	
-0.432068	
-0.406494	
-0.409302	
-0.413055	
-0.412079	
-0.386932	
-0.411865	
-0.413452	
-0.414917	
-0.392914	
-0.418152	
-0.408234	
-0.410919	
-0.412048	
-0.394989	
-0.41037	
-0.4021	
-0.406647	
-0.406677	
-0.409821	
-0.410828	
-0.421417	
-0.395447	
-0.391541	
-0.395203	
-0.432495	
-0.397919	
-0.409882	
-0.398895	
-0.401733	
-0.401642	
-0.41684	
-0.415833	
-0.406799	
-0.426666	
-0.397461	
-0.412079	
-0.423615	
-0.420349	
-0.40799	
-0.400024	
-0.396271	
-0.406372	
-0.40683	
-0.414154	
-0.410858	
-0.442413	
-0.404419	
-0.403656	
-0.3909	
-0.431427	
-0.416351	
-0.413177	
-0.40683	
-0.381012	
-0.409882	
-0.396179	
-0.420471	
-0.420105	
-0.409729	
-0.401825	
-0.404877	
-0.400726	
-0.411987	
-0.4039	
-0.412079	
-0.380249	
-0.423615	
-0.405701	
-0.409943	
-0.406708	
-0.411987	
-0.398987	
-0.404053	
-0.40274	
-0.382172	
-0.406342	
-0.405792	
-0.402069	
-0.402496	
-0.401428	
-0.414337	
-0.417999	
-0.402771	
-0.409698	
-0.393829	
-0.400513	
-0.38501	
-0.422791	
-0.402588	
-0.404816	
-0.397247	
-0.403534	
-0.406342	
-0.406036	
-0.413757	
-0.390259	
-0.414856	
-0.411652	
-0.404877	
-0.40567	
-0.401245	
-0.396851	
-0.404694	
-0.403168	
-0.401123	
-0.404999	
-0.429199	
-0.39386	
-0.413788	
-0.401062	
-0.390259	
-0.386139	
-0.42038	
-0.403229	
-0.401855	
-0.430695	
-0.406311	
-0.417511	
-0.412018	
-0.407074	
-0.405273	
-0.405212	
-0.392365	
-0.399811	
-0.410492	
-0.4133	
-0.401733	
-0.43573	
-0.407013	
-0.408539	
-0.4039	
-0.411346	
-0.398987	
-0.394226	
-0.401703	
-0.405731	
-0.418549	
-0.396362	
-0.415924	
-0.423737	
-0.406067	
-0.401825	
-0.403717	
-0.391663	
-0.39978	
-0.408081	
-0.412323	
-0.381134	
-0.430939	
-0.397247	
-0.402222	
-0.40387	
-0.418335	
-0.381622	
-0.392883	
-0.407715	
-0.37384	
-0.403503	
-0.394196	
-0.397949	
-0.39975	
-0.404114	
-0.405212	
-0.407684	
-0.399109	
-0.392334	
-0.392853	
-0.397888	
-0.363831	
-0.410797	
-0.403503	
-0.407928	
-0.394806	
-0.418518	
-0.402039	
-0.405762	
-0.404205	
-0.394806	
-0.412811	
-0.395905	
-0.399109	
-0.415497	
-0.41214	
-0.409058	
-0.419189	
-0.400269	
-0.401642	
-0.407227	
-0.423431	
-0.388794	
-0.403015	
-0.397888	
-0.397552	
-0.412292	
-0.419647	
-0.406158	
-0.397491	
-0.424194	
-0.415527	
-0.422485	
-0.405029	
-0.391632	
-0.413483	
-0.404297	
-0.405029	
-0.411865	
-0.410339	
-0.404022	
-0.385834	
-0.424622	
-0.396698	
-0.418152	
-0.397644	
-0.402771	
-0.403656	
-0.411041	
-0.405731	
-0.397308	
-0.418884	
-0.39566	
-0.417114	
-0.410156	
-0.403412	
-0.402039	
-0.410004	
-0.397675	
-0.397003	
-0.407959	
-0.41626	
-0.402435	
-0.431641	
-0.407959	
-0.413483	
-0.392487	
-0.414001	
-0.399261	
-0.419006	
-0.401367	
-0.394623	
-0.413483	
-0.399261	
-0.409241	
-0.418152	
-0.409302	
-0.401855	
-0.411987	
-0.408905	
-0.414917	
-0.403625	
-0.404877	
-0.38681	
-0.414673	
-0.401794	
-0.426392	
-0.424286	
-0.413513	
-0.40506	
-0.411011	
-0.398956	
-0.386566	
-0.423431	
-0.412445	
-0.402954	
-0.423492	
-0.409271	
-0.413879	
-0.4245	
-0.412964	
-0.407074	
-0.402557	
-0.418518	
-0.38443	
-0.423676	
-0.407837	
-0.425659	
-0.41452	
-0.418671	
-0.410095	
-0.408325	
-0.417725	
-0.403656	
-0.427124	
-0.405762	
-0.410034	
-0.426483	
-0.414612	
-0.423096	
-0.424377	
-0.410278	
-0.408417	
-0.405548	
-0.406738	
-0.390656	
-0.424347	
-0.413177	
-0.414337	
-0.41803	
-0.416046	
-0.415192	
-0.415161	
-0.420013	
-0.394958	
-0.422089	
-0.421631	
-0.417389	
-0.41864	
-0.413483	
-0.394989	
-0.407227	
-0.401611	
-0.405518	
-0.397217	
-0.445221	
-0.406158	
-0.416901	
-0.40744	
-0.409698	
-0.398773	
-0.413513	
-0.408081	
-0.401154	
-0.429871	
-0.409637	
-0.411682	
-0.419617	
-0.419769	
-0.409119	
-0.409515	
-0.40448	
-0.409607	
-0.408356	
-0.413208	
-0.402496	
-0.435577	
-0.403656	
-0.421204	
-0.427887	
-0.432709	
-0.406403	
-0.407104	
-0.413452	
-0.397858	
-0.424988	
-0.400665	
-0.42157	
-0.424744	
-0.419617	
-0.416046	
-0.417755	
-0.409027	
-0.419891	
-0.417145	
-0.422791	
-0.399323	
-0.435089	
-0.410828	
-0.419159	
-0.421967	
-0.429535	
-0.411804	
-0.416595	
-0.427734	
-0.406982	
-0.42749	
-0.40799	
-0.411285	
-0.423126	
-0.423706	
-0.417603	
-0.423004	
-0.410309	
-0.420685	
-0.420868	
-0.42749	
-0.396027	
-0.420013	
-0.40625	
-0.402344	
-0.409546	
-0.445251	
-0.43869	
-0.409821	
-0.418854	
-0.402649	
-0.438049	
-0.418457	
-0.407501	
-0.413513	
-0.413086	
-0.420288	
-0.427704	
-0.416443	
-0.419617	
-0.407745	
-0.441895	
-0.403503	
-0.425262	
-0.420898	
-0.417145	
-0.406799	
-0.417236	
-0.419434	
-0.416443	
-0.439758	
-0.414276	
-0.430969	
-0.43631	
-0.422241	
-0.408508	
-0.410828	
-0.41507	
-0.421906	
-0.419739	
-0.42984	
-0.414459	
-0.43399	
-0.412659	
-0.418945	
-0.413666	
-0.423462	
-0.407318	
-0.422211	
-0.425171	
-0.415314	
-0.434326	
-0.400177	
-0.399048	
-0.421082	
-0.425995	
-0.411865	
-0.425568	
-0.416138	
-0.425812	
-0.427826	
-0.438568	
-0.388428	
-0.425598	
-0.414032	
-0.41098	
-0.419983	
-0.43811	
-0.413544	
-0.429382	
-0.437286	
-0.399475	
-0.416779	
-0.412323	
-0.402649	
-0.406677	
-0.414093	
-0.429596	
-0.438873	
-0.430786	
-0.413574	
-0.417511	
-0.429199	
-0.389771	
-0.422028	
-0.405304	
-0.413025	
-0.411255	
-0.431366	
-0.419128	
-0.429871	
	
