E:\DOCUMENTS AND SETTINGS\JPOTAS\MEUS DOCUMENTOS\UFRJ\RSCI-BM 12 WK SERIES\070731-RSCI-BM-12\RSCI-BM-12-LSN\070731-RSCI-BM-12-LSN-0011.ACQ
0.025000 msec/sample
1 channel
Analog input
Volts
CH1	
2000	
-0.440155	
-0.423157	
-0.4328	
-0.443329	
-0.423767	
-0.410675	
-0.434845	
-0.425323	
-0.42691	
-0.437744	
-0.439362	
-0.430023	
-0.436401	
-0.414337	
-0.4216	
-0.438171	
-0.444885	
-0.436127	
-0.431183	
-0.420349	
-0.426361	
-0.436646	
-0.420685	
-0.427063	
-0.438599	
-0.431213	
-0.417297	
-0.431763	
-0.415833	
-0.425201	
-0.424652	
-0.436737	
-0.440887	
-0.446899	
-0.422333	
-0.416351	
-0.422699	
-0.432343	
-0.422913	
-0.436096	
-0.437195	
-0.431488	
-0.432922	
-0.428253	
-0.42804	
-0.4245	
-0.437836	
-0.430634	
-0.428345	
-0.43158	
-0.435211	
-0.431488	
-0.439575	
-0.428894	
-0.425293	
-0.428864	
-0.426392	
-0.43045	
-0.451538	
-0.434082	
-0.431213	
-0.427002	
-0.417389	
-0.428131	
-0.436279	
-0.428986	
-0.429443	
-0.445831	
-0.42865	
-0.438049	
-0.424591	
-0.426178	
-0.423645	
-0.430359	
-0.433746	
-0.449097	
-0.43512	
-0.420898	
-0.419403	
-0.440826	
-0.436066	
-0.426941	
-0.424316	
-0.420197	
-0.436249	
-0.433197	
-0.424377	
-0.422974	
-0.44104	
-0.430389	
-0.435699	
-0.431793	
-0.43573	
-0.429657	
-0.432983	
-0.427734	
-0.442047	
-0.434662	
-0.429169	
-0.427521	
-0.426788	
-0.427643	
-0.439819	
-0.435913	
-0.425598	
-0.429749	
-0.42868	
-0.434174	
-0.432739	
-0.449921	
-0.427002	
-0.425995	
-0.428467	
-0.436432	
-0.434174	
-0.433411	
-0.421509	
-0.430603	
-0.433319	
-0.43515	
-0.427917	
-0.419403	
-0.422394	
-0.435638	
-0.438141	
-0.416931	
-0.41861	
-0.435974	
-0.430359	
-0.417603	
-0.430908	
-0.422882	
-0.426208	
-0.430511	
-0.435028	
-0.429993	
-0.428711	
-0.412506	
-0.421295	
-0.425018	
-0.428497	
-0.4198	
-0.424927	
-0.435974	
-0.444733	
-0.441132	
-0.417908	
-0.428467	
-0.429749	
-0.425629	
-0.416718	
-0.432129	
-0.428345	
-0.423584	
-0.416077	
-0.42749	
-0.436066	
-0.439819	
-0.424255	
-0.433746	
-0.430725	
-0.428162	
-0.430725	
-0.434509	
-0.43692	
-0.441956	
-0.426514	
-0.422821	
-0.443054	
-0.43576	
-0.443817	
-0.431519	
-0.437958	
-0.434448	
-0.42337	
-0.419006	
-0.433807	
-0.424103	
-0.436279	
-0.454224	
-0.43457	
-0.425751	
-0.442535	
-0.427246	
-0.423828	
-0.424866	
-0.421997	
-0.439484	
-0.442749	
-0.433777	
-0.428589	
-0.434753	
-0.420471	
-0.430206	
-0.432434	
-0.436401	
-0.432526	
-3.39218	
-7.38654	
-3.95364	
-2.35889	
-1.75674	
-1.50247	
3.49295	
4.05923	
2.25864	
0.754242	
0.224731	
-0.00769043	
-0.117676	
-0.177368	
-0.213593	
-0.253174	
-0.261414	
-0.278046	
-0.292999	
-0.312561	
-0.301514	
-0.314392	
-0.319092	
-0.328918	
-0.331085	
-0.339447	
-0.329407	
-0.339264	
-0.34433	
-0.352692	
-0.35199	
-0.349365	
-0.355774	
-0.36441	
-0.349609	
-0.350616	
-0.377716	
-0.363525	
-0.358521	
-0.360901	
-0.362427	
-0.353485	
-0.339844	
-0.321045	
-0.324341	
-0.321289	
-0.297485	
-0.272736	
-0.273743	
-0.265381	
-0.265747	
-0.29126	
-0.314453	
-0.362091	
-0.410828	
-0.443146	
-0.452026	
-0.496735	
-0.506683	
-0.511658	
-0.50296	
-0.535522	
-0.554626	
-0.5625	
-0.551575	
-0.548462	
-0.531494	
-0.517914	
-0.507385	
-0.499329	
-0.488129	
-0.492676	
-0.496826	
-0.468414	
-0.464569	
-0.46402	
-0.449036	
-0.430542	
-0.451599	
-0.443665	
-0.426239	
-0.411652	
-0.414642	
-0.415955	
-0.43045	
-0.419983	
-0.41745	
-0.412567	
-0.418243	
-0.41803	
-0.427002	
-0.408508	
-0.398346	
-0.413361	
-0.419861	
-0.41217	
-0.404114	
-0.411957	
-0.403473	
-0.408478	
-0.405853	
-0.413239	
-0.410248	
-0.418549	
-0.406555	
-0.418854	
-0.42337	
-0.422577	
-0.416992	
-0.417084	
-0.422607	
-0.42807	
-0.429596	
-0.407288	
-0.416962	
-0.428131	
-0.429291	
-0.427673	
-0.444275	
-0.41452	
-0.422485	
-0.424347	
-0.423737	
-0.417084	
-0.425201	
-0.414307	
-0.431915	
-0.427216	
-0.414581	
-0.414063	
-0.438049	
-0.429016	
-0.414215	
-0.427612	
-0.42511	
-0.418396	
-0.4263	
-0.425262	
-0.417725	
-0.43042	
-0.42337	
-0.419708	
-0.428741	
-0.439484	
-0.422546	
-0.419861	
-0.408447	
-0.42276	
-0.430908	
-0.42926	
-0.414276	
-0.424103	
-0.419189	
-0.419525	
-0.430603	
-0.424042	
-0.412598	
-0.423798	
-0.431366	
-0.405334	
-0.422089	
-0.427307	
-0.427673	
-0.428833	
-0.433197	
-0.427185	
-0.427277	
-0.409668	
-0.427338	
-0.43158	
-0.431671	
-0.423676	
-0.423798	
-0.423706	
-0.430298	
-0.436859	
-0.412476	
-0.42038	
-0.431061	
-0.428864	
-0.420105	
-0.434448	
-0.423035	
-0.43277	
-0.431122	
-0.424072	
-0.421844	
-0.438751	
-0.426483	
-0.432861	
-0.43924	
-0.434662	
-0.424164	
-0.433624	
-0.427094	
-0.433228	
-0.449585	
-0.440582	
-0.438904	
-0.444	
-0.438263	
-0.420593	
-0.427643	
-0.428802	
-0.428406	
-0.426361	
-0.438324	
-0.432526	
-0.435181	
-0.436218	
-0.428314	
-0.421509	
-0.439545	
-0.436005	
-0.422577	
-0.42453	
-0.432037	
-0.439667	
-0.43277	
-0.427612	
-0.423035	
-0.447632	
-0.427032	
-0.434662	
-0.431335	
-0.426514	
-0.416229	
-0.437256	
-0.424103	
-0.428162	
-0.43689	
-0.434174	
-0.422028	
-0.431396	
-0.423828	
-0.434113	
-0.432739	
-0.416229	
-0.430542	
-0.432861	
-0.426514	
-0.427887	
-0.422058	
-0.417084	
-0.431793	
-0.422211	
-0.421204	
-0.431366	
-0.432281	
-0.415619	
-0.432037	
-0.447021	
-0.430847	
-0.420166	
-0.424927	
-0.433746	
-0.434357	
-0.425629	
-0.409271	
-0.433807	
-0.442047	
-0.434204	
-0.424194	
-0.440033	
-0.424255	
-0.433075	
-0.443329	
-0.436432	
-0.411285	
-0.426636	
-0.429932	
-0.429169	
-0.434265	
-0.436523	
-0.422424	
-0.424347	
-0.428253	
-0.433563	
-0.427948	
-0.420441	
-0.424561	
-0.429382	
-0.432281	
-0.429382	
-0.435425	
-0.426056	
-0.428131	
-0.431519	
-0.441071	
-0.441833	
-0.427155	
-0.412537	
-0.428375	
-0.426849	
-0.426727	
-0.417389	
-0.427673	
-0.434052	
-0.429962	
-0.435028	
-0.415588	
-0.422455	
-0.433472	
-0.434204	
-0.417145	
-0.433411	
-0.430786	
-0.429291	
-0.42392	
-0.432678	
-0.43103	
-0.432373	
-0.41925	
-0.426208	
-0.437561	
-0.435425	
-0.425842	
-0.429626	
-0.434235	
-0.436035	
-0.448425	
-0.436707	
-0.428955	
-0.428284	
-0.434967	
-0.417053	
-0.433472	
-0.436401	
-0.426727	
-0.420593	
-0.430695	
-0.434479	
-0.44931	
-0.438416	
-0.433319	
-0.430969	
-0.432709	
-0.427368	
-0.433716	
-0.420135	
-0.419403	
-0.443634	
-0.446136	
-0.430725	
-0.420105	
-0.43515	
-0.423889	
-0.43045	
-0.440063	
-0.452026	
-0.432129	
-0.431152	
-0.43396	
-0.436401	
-0.428558	
-0.440491	
-0.440338	
-0.436066	
-0.441833	
-0.435272	
-0.423676	
-0.423309	
-0.444855	
-0.450409	
-0.438629	
-0.428406	
-0.454926	
-0.436157	
-0.432617	
-0.444946	
-0.46048	
-0.439148	
-0.439026	
-0.421631	
-0.445526	
-0.457977	
-0.436188	
-0.423096	
-0.444458	
-0.441162	
-0.430267	
-0.439545	
-0.439178	
-0.438049	
-0.437927	
-0.434906	
-0.424469	
-0.444885	
-0.443756	
-0.44519	
-0.443481	
-0.441833	
-0.43396	
-0.445618	
-0.426849	
-0.428558	
-0.436493	
-0.437073	
-0.436188	
-0.443207	
-0.437592	
-0.444305	
-0.4487	
-0.433075	
-0.430939	
-0.436127	
-0.442627	
-0.429688	
-0.445496	
-0.429596	
-0.435608	
-0.441437	
-0.447571	
-0.443146	
-0.456451	
-0.430542	
-0.42923	
-0.442444	
-0.447296	
-0.430511	
-0.428406	
-0.43927	
-0.44458	
-0.454102	
-0.432159	
-0.432739	
-0.44574	
-0.438751	
-0.425293	
-0.444183	
-0.437744	
-0.440826	
-0.426941	
-0.429596	
-0.437469	
-0.456055	
-0.437988	
-0.434052	
-0.445251	
-0.44632	
-0.436249	
-0.438965	
-0.44632	
-0.446014	
-0.436676	
-0.430878	
-0.439362	
-0.436279	
-0.44342	
-0.424835	
-0.438141	
-0.445587	
-0.443085	
-0.42984	
-0.43811	
-0.432251	
-0.438263	
-0.43808	
-0.432709	
-0.432343	
-0.446655	
-0.449554	
-0.441681	
-0.433319	
-0.424347	
-0.442352	
-0.438416	
-0.433533	
-0.430573	
-0.450073	
-0.431915	
-0.441437	
-0.438812	
-0.442474	
-0.43634	
-0.436371	
-0.423492	
-0.440155	
-0.443878	
-0.442566	
-0.421234	
-0.43631	
-0.432831	
-0.426666	
-0.43689	
-0.430145	
-0.436249	
-0.444031	
-0.437622	
-0.429352	
-0.438751	
-0.428406	
-0.436493	
-0.447571	
-0.439056	
-0.427521	
-0.443054	
-0.412659	
-0.424988	
-0.446991	
-0.438995	
-0.436249	
-0.440338	
-0.430267	
-0.437073	
-0.438629	
-0.415436	
-0.422821	
-0.437256	
-0.435516	
-0.422363	
-0.435181	
-0.429657	
-0.438354	
-0.429016	
-0.437897	
-0.434601	
-0.43692	
-0.425659	
-0.449799	
-0.438568	
-0.434357	
-0.429077	
-0.42984	
-0.433319	
-0.43866	
-0.439606	
-0.433746	
-0.437714	
-0.4422	
-0.430573	
-0.414398	
-0.430298	
-0.42749	
-0.429688	
-0.440277	
-0.43988	
-0.429108	
-0.436249	
-0.4263	
-0.418732	
-0.434998	
-0.431396	
-0.428009	
-0.433868	
-0.428955	
-0.436768	
-0.446686	
-0.418427	
-0.415009	
-0.437073	
-0.448608	
-0.428162	
-0.439301	
-0.425659	
-0.425446	
-0.426514	
-0.438538	
-0.434631	
-0.444946	
-0.433411	
-0.433655	
-0.433746	
-0.421722	
-0.426422	
-0.443726	
-0.438293	
-0.426331	
-0.427979	
-0.435608	
-0.445892	
-0.432068	
-0.440857	
-0.428497	
-0.444	
-0.43222	
-0.424072	
-0.425659	
-0.448486	
-0.434296	
-0.433319	
-0.433258	
-0.448242	
-0.438965	
-0.446899	
-0.437683	
-0.436829	
-0.426086	
-0.417267	
-0.438812	
-0.44223	
-0.433838	
-0.432251	
-0.447998	
-0.435394	
-0.427795	
-0.43103	
-0.434479	
-0.421417	
-0.425232	
-0.431244	
-0.443695	
-0.441895	
-0.43399	
-0.431	
-0.431122	
-0.431976	
-0.432922	
-0.431122	
-0.411835	
-0.427582	
-0.438507	
-0.440155	
-0.430817	
-0.436737	
-0.422089	
-0.430328	
-0.440399	
-0.450653	
-0.431122	
-0.427917	
-0.409271	
-0.426544	
-0.432373	
-0.429504	
-0.433014	
-0.446747	
-0.437439	
-0.423584	
-0.43158	
-0.436066	
-0.435944	
-0.438171	
-0.446747	
-0.437408	
-0.438843	
-0.423798	
-0.43576	
-0.451447	
-0.450256	
-0.431091	
-0.442841	
-0.430878	
-0.42868	
-0.431671	
-0.43689	
-0.419434	
-0.421234	
-0.432861	
-0.44516	
-0.446106	
-0.431854	
-0.430084	
-0.430786	
-0.425934	
-0.423309	
-0.439575	
-0.433136	
-0.438873	
-0.438263	
-0.430939	
-0.425262	
-0.446991	
-0.443695	
-0.424896	
-0.434723	
-0.440186	
-0.425507	
-0.430725	
-0.434357	
-0.431854	
-0.444	
-0.434082	
-0.429169	
-0.432434	
-0.442383	
-0.425537	
-0.437714	
-0.433411	
-0.425476	
-0.413544	
-0.426666	
-0.434509	
-0.44931	
-0.427582	
-0.426361	
-0.431183	
-0.433197	
-0.423706	
-0.430573	
-0.432373	
-0.429962	
-0.43335	
-0.428253	
-0.422028	
-0.412048	
-0.441864	
-0.438049	
-0.433319	
-0.422363	
-0.425629	
-0.4198	
-0.415588	
-0.411194	
-0.441315	
-0.438354	
-0.42627	
-0.410126	
-0.42807	
-0.430908	
-0.423218	
-0.421448	
-0.426422	
-0.439423	
-0.434784	
-0.426117	
-0.430389	
-0.443298	
-0.423401	
-0.419403	
-0.421295	
-0.433838	
-0.431671	
-0.437469	
-0.424988	
-0.427277	
-0.437103	
-0.430939	
-0.426758	
-0.425812	
-0.436981	
-0.434021	
-0.424194	
-0.415802	
-0.4328	
-0.431091	
-0.425873	
-0.416534	
-0.431824	
-0.421478	
-0.422241	
-0.42865	
-0.432739	
-0.417389	
-0.424164	
-0.410675	
-0.420105	
-0.424957	
-0.430298	
-0.436279	
-0.428589	
-0.426544	
-0.431122	
-0.430145	
-0.418762	
-0.425659	
-0.434631	
-0.43158	
-0.398071	
-0.40976	
-0.428406	
-0.438416	
-0.428528	
-0.430603	
-0.419983	
-0.430298	
-0.408508	
-0.41156	
-0.42514	
-0.44455	
-0.425507	
-0.421997	
-0.427673	
-0.43457	
-0.442688	
-0.414398	
-0.413879	
-0.439026	
-0.430267	
-0.409668	
-0.427368	
-0.436676	
-0.429504	
-0.428528	
-0.429626	
-0.420105	
-0.435822	
-0.443512	
-0.419525	
-0.423615	
-0.422791	
-0.422974	
-0.42749	
-0.425262	
-0.421967	
-0.442566	
-0.436707	
-0.427887	
-0.415009	
-0.427917	
-0.409912	
-0.421112	
-0.427185	
-0.430267	
-0.420685	
-0.436157	
-0.432007	
-0.437439	
-0.424316	
-0.428009	
-0.418121	
-0.421326	
-0.439362	
-0.44278	
-0.421631	
-0.413727	
-0.431061	
-0.41861	
-0.415436	
-0.421814	
-0.444794	
-0.43869	
-0.43219	
-0.422699	
-0.420258	
-0.410461	
-0.425415	
-0.431152	
-0.436157	
-0.434082	
-0.443359	
-0.420258	
-0.417236	
-0.421692	
-0.428925	
-0.430603	
-0.420166	
-0.430542	
-0.441467	
-0.424408	
-0.41571	
-0.432312	
-0.420593	
-0.434387	
-0.44455	
-0.43866	
-0.432343	
-0.441925	
-0.414734	
-0.435913	
-0.44516	
-0.416107	
-0.419281	
-0.443146	
-0.431061	
-0.434448	
-0.444153	
-0.422119	
-0.422607	
-0.435974	
-0.421661	
-0.420776	
-0.459503	
-0.439636	
-0.440399	
-0.441589	
-0.431	
-0.417755	
-0.432648	
-0.411926	
-0.427673	
-0.439026	
-0.443268	
-0.432983	
-0.433228	
-0.426849	
-0.429901	
-0.43512	
-0.430786	
-0.43338	
-0.437805	
-0.436432	
-0.423981	
-0.436066	
-0.428223	
-0.431305	
-0.445099	
-0.445709	
-0.434631	
-0.439758	
-0.427673	
-0.42691	
-0.432861	
-0.440399	
-0.435577	
-0.428467	
-0.423309	
-0.427307	
-0.438293	
-0.433502	
-0.43808	
-0.433105	
-0.437225	
-0.427277	
-0.435333	
-0.425629	
-0.431641	
-0.43338	
-0.437195	
-0.428009	
-0.437561	
-0.428101	
-0.437103	
-0.441772	
-0.432159	
-0.42157	
-0.430939	
-0.440735	
-0.431091	
-0.438171	
-0.43512	
-0.435638	
-0.427582	
-0.439819	
-0.4263	
-0.426392	
-0.426849	
-0.442352	
-0.434357	
-0.428284	
-0.419983	
-0.44278	
-0.427551	
-0.425079	
-0.43808	
-0.436554	
-0.42334	
-0.437988	
-0.435608	
-0.420471	
-0.426361	
-0.436005	
-0.431213	
-0.425018	
-0.439423	
-0.431824	
-0.433136	
-0.441132	
-0.428162	
-0.425049	
-0.434723	
-0.422363	
-0.431671	
-0.448792	
-0.426086	
-0.41803	
-0.441711	
-0.436737	
-0.428619	
-0.433899	
-0.427185	
-0.434937	
-0.436462	
-0.423798	
-0.426788	
-0.446564	
-0.415466	
-0.425629	
-0.448303	
-0.445618	
-0.420685	
-0.422272	
-0.416199	
-0.437286	
-0.439819	
-0.42981	
-0.429932	
-0.43103	
-0.427216	
-0.439301	
-0.435394	
-0.409912	
-0.42804	
-0.441925	
-0.446411	
-0.434601	
-0.439056	
-0.432495	
-0.425201	
-0.420227	
-0.436768	
-0.426758	
-0.440338	
-0.437073	
-0.433105	
-0.417816	
-0.437439	
-0.432037	
-0.421509	
-0.430481	
-0.433319	
-0.426514	
-0.429932	
-0.434906	
-0.422424	
-0.430634	
-0.432526	
-0.42807	
-0.420319	
-0.434052	
-0.433868	
-0.436066	
-0.436676	
-0.442657	
-0.433411	
-0.415222	
-0.430481	
-0.449646	
-0.428986	
-0.425018	
-0.434631	
-0.425812	
-0.441711	
-0.440277	
-0.42923	
-0.429962	
-0.445007	
-0.432098	
-0.432861	
-0.424194	
-0.43692	
-0.438049	
-0.437622	
-0.428864	
-0.45462	
-0.439301	
-0.42923	
-0.433624	
-0.440094	
-0.439484	
-0.437134	
-0.438538	
-0.444214	
-0.458221	
-0.430786	
-0.421448	
-0.428101	
-0.43811	
-0.423035	
-0.437225	
-0.436798	
-0.433868	
-0.426025	
-0.430756	
-0.421112	
-0.448822	
-0.436035	
-0.432129	
-0.423035	
-0.438232	
-0.437103	
-0.438293	
-0.432953	
-0.422577	
-0.432861	
-0.442627	
-0.435913	
-0.428589	
-0.44397	
-0.434448	
-0.436951	
-0.433105	
-0.436462	
-0.428223	
-0.426514	
-0.424377	
-0.439209	
-0.444519	
-0.425262	
-0.431641	
-0.439728	
-0.432709	
-0.438721	
-0.448639	
-0.436249	
-0.443573	
-0.44519	
-0.434418	
-0.416199	
-0.436066	
-0.43811	
-0.454071	
-0.435516	
-0.423981	
-0.428345	
-0.44339	
-0.417084	
-0.438568	
-0.441345	
-0.444122	
-0.431519	
-0.421844	
-0.430786	
-0.442017	
-0.449402	
-0.437439	
-0.433167	
-0.436188	
-0.435638	
-0.417389	
-0.425903	
-0.427948	
-0.445343	
-0.45636	
-0.447083	
-0.417419	
-0.441162	
-0.438904	
-0.428406	
-0.422668	
-0.438019	
-0.438904	
-0.444885	
-0.44751	
-0.437378	
-0.431427	
-0.426971	
-0.432037	
-0.431763	
-0.430847	
-0.427948	
-0.437622	
-0.430237	
-0.441803	
-0.443176	
-0.438873	
-0.428467	
-0.448975	
-0.437103	
-0.436157	
-0.441589	
-0.437653	
-0.426208	
-0.424042	
-0.414276	
-0.419586	
-0.44632	
-0.444611	
-0.432709	
-0.432526	
-0.448792	
-0.425568	
-0.428955	
-0.428986	
-0.437622	
-0.441101	
-0.443542	
-0.43454	
-0.442291	
-0.423889	
-0.428192	
-0.431824	
-0.440552	
-0.432404	
-0.433105	
-0.441162	
-0.419128	
-0.418457	
-0.431183	
-0.431946	
-0.433044	
-0.450073	
-0.429169	
-0.423676	
-0.427246	
-0.424042	
-0.419434	
-0.432709	
-0.4245	
-0.436127	
-0.436401	
-0.422241	
-0.423584	
-0.43869	
-0.429962	
-0.429932	
-0.430298	
-0.428101	
-0.433563	
-0.440308	
-0.443024	
-0.424408	
-0.436279	
-0.435516	
-0.429535	
-0.423309	
-0.435577	
-0.426971	
-0.42511	
-0.411652	
-0.427124	
-0.425629	
-0.428894	
-0.425018	
-0.433136	
-0.436951	
-0.439423	
-0.430603	
-0.418182	
-0.433197	
-0.438995	
-0.419891	
-0.415771	
-0.444031	
-0.427673	
-0.429443	
-0.426422	
-0.430603	
-0.421204	
-0.430878	
-0.424591	
-0.433136	
-0.427063	
-0.428741	
-0.428528	
-0.430298	
-0.428986	
-0.432007	
-0.444244	
-0.426514	
-0.419098	
-0.435028	
-0.440338	
-0.427948	
-0.431152	
-0.416077	
-0.418823	
-0.437653	
-0.44397	
-0.430725	
-0.448822	
-0.43634	
-0.423798	
-0.435303	
-0.437561	
-0.43869	
-0.44342	
-0.430328	
-0.419403	
-0.429016	
-0.428864	
-0.43338	
-0.433014	
-0.434265	
-0.420624	
-0.440369	
-0.435486	
-0.443329	
-0.438141	
-0.420593	
-0.414337	
-0.453522	
-0.450745	
-0.423859	
-0.420715	
-0.438629	
-0.435913	
-0.439545	
-0.436432	
-0.415527	
-0.420074	
-0.436157	
-0.440521	
-0.427887	
-0.438538	
-0.415344	
-0.424225	
-0.421051	
-0.427124	
-0.423431	
-0.429718	
-0.424561	
-0.437531	
-0.43042	
-0.427704	
-0.423096	
-0.434845	
-0.432129	
-0.415527	
-0.423004	
-0.436401	
-0.437073	
-0.42041	
-0.427826	
-0.42868	
-0.437256	
-0.432556	
-0.432617	
-0.440063	
-0.427948	
-0.416962	
-0.427094	
-0.42157	
-0.441284	
-0.435669	
-0.424835	
-0.420959	
-0.433655	
-0.430145	
-0.434326	
-0.435699	
-0.418274	
-0.428284	
-0.439575	
-0.430939	
-0.421417	
-0.444489	
-0.426758	
-0.425262	
-0.431061	
-0.43399	
-0.430511	
-0.440033	
-0.416412	
-0.426331	
-0.431732	
-0.430389	
-0.437134	
-0.439941	
-0.433472	
-0.430634	
-0.428284	
-0.418701	
-0.433167	
-0.434875	
-0.429718	
-0.426056	
-0.441528	
-0.434723	
-0.43573	
-0.425568	
-0.430298	
-0.421539	
-0.438354	
-0.42038	
-0.421814	
-0.430328	
-0.440369	
-0.420593	
-0.413757	
-0.431824	
-0.432617	
-0.433075	
-0.436188	
-0.425507	
-0.412933	
-0.43161	
-0.422424	
-0.425903	
-0.426697	
-0.427002	
-0.435852	
-0.438995	
-0.414001	
-0.431763	
-0.433533	
-0.415192	
-0.423798	
-0.433838	
-0.423798	
-0.436737	
-0.421417	
-0.415833	
-0.435394	
-0.416016	
-0.407867	
-0.431335	
-0.434814	
-0.420746	
-0.436707	
-0.42392	
-0.423187	
-0.429169	
-0.428955	
-0.424286	
-0.448517	
-0.423645	
-0.415558	
-0.42984	
-0.435699	
-0.420044	
-0.422302	
-0.425995	
-0.420258	
-0.445953	
-0.445984	
-0.426788	
-0.418335	
-0.428497	
-0.410767	
-0.427307	
-0.432892	
-0.434509	
-0.421844	
-0.429932	
-0.418884	
-0.422943	
-0.416656	
-0.412689	
-0.408691	
-0.420563	
-0.420593	
-0.417908	
-0.428986	
-0.430176	
-0.430847	
-0.423218	
-0.422089	
-0.424652	
-0.434631	
-0.432007	
-0.424805	
-0.41037	
-0.410645	
-0.413544	
-0.434235	
-0.42215	
-0.421295	
-0.427002	
-0.413544	
-0.416138	
-0.424896	
-0.429535	
-0.43576	
-0.432068	
-0.403229	
-0.410248	
-0.431915	
-0.434814	
-0.423584	
-0.436249	
-0.409149	
-0.42569	
-0.438507	
-0.425262	
-0.407074	
-0.433472	
-0.426727	
-0.447266	
-0.426636	
-0.421295	
-0.422852	
-0.427002	
-0.429962	
-0.434326	
-0.428802	
-0.419312	
-0.441101	
-0.444611	
-0.416504	
-0.402466	
-0.430084	
-0.42569	
-0.426575	
-0.432159	
-0.432098	
-0.422821	
-0.442902	
-0.433899	
-0.420715	
-0.43277	
-0.433502	
-0.414398	
-0.422791	
-0.439941	
-0.438141	
-0.441864	
-0.427399	
-0.419037	
-0.421387	
-0.433014	
-0.422455	
-0.435974	
-0.435242	
-0.43045	
-0.435364	
-0.428528	
-0.42334	
-0.444	
-0.433472	
-0.436707	
-0.442322	
-0.431854	
-0.429474	
-0.423737	
-0.415985	
-0.426575	
-0.447235	
-0.432037	
-0.431671	
-0.430481	
-0.436981	
-0.412598	
-0.425598	
-0.431976	
-0.438263	
-0.435364	
-0.435944	
-0.424408	
-0.440338	
-0.431	
-0.430359	
-0.426941	
-0.447449	
-0.426849	
-0.413452	
-0.428741	
-0.429169	
-0.43277	
-0.429413	
-0.427277	
-0.423157	
-0.434967	
-0.434174	
-0.432678	
-0.432556	
-0.431122	
-0.425751	
-0.433716	
-0.418365	
-0.436279	
-0.435181	
-0.421326	
-0.428223	
-0.434418	
-0.42627	
-0.435638	
-0.432434	
-0.425537	
-0.435547	
-0.437653	
-0.431458	
-0.422058	
-0.433289	
-0.423004	
-0.432404	
-0.430115	
-0.438202	
-0.429199	
-0.427246	
-0.417358	
-0.44278	
-0.438232	
-0.424042	
-0.433044	
-0.435455	
-0.437714	
-0.443329	
-0.437683	
-0.425262	
-0.428406	
-0.436584	
-0.442719	
-0.421448	
-0.430054	
-0.427002	
-0.437378	
-0.424835	
-0.428406	
-0.427399	
-0.437347	
-0.418457	
-0.422577	
-0.436157	
-0.448975	
-0.437042	
-0.437988	
-0.424072	
-0.426788	
-0.446411	
-0.429047	
-0.427826	
-0.43692	
-0.431915	
-0.423035	
-0.439941	
-0.440826	
-0.43338	
-0.433533	
-0.438568	
-0.428314	
-0.44873	
-0.440186	
-0.429596	
-0.430908	
-0.434998	
-0.430908	
-0.436584	
-0.437408	
-0.427246	
-0.431488	
-0.433533	
-0.440399	
-0.425049	
-0.421478	
-0.422363	
-0.443634	
-0.436584	
-0.437988	
-0.435516	
-0.427643	
-0.428772	
-0.443787	
-0.432526	
-0.42868	
-0.436401	
-0.440399	
-0.433685	
-0.429108	
-0.427155	
-0.430573	
-0.445343	
-0.423828	
-0.417725	
-0.435333	
-0.436432	
-0.420441	
-0.431274	
-0.424622	
-0.436066	
-0.432953	
-0.419373	
-0.419373	
-0.446869	
-0.427734	
-0.428986	
-0.425903	
-0.428619	
-0.430267	
-0.423492	
-0.422943	
-0.430206	
-0.44162	
-0.430389	
-0.43689	
-0.42511	
-0.427063	
-0.424194	
-0.423035	
-0.437195	
-0.442078	
-0.429047	
-0.44342	
-0.417023	
-0.414215	
-0.432648	
-0.434326	
-0.423615	
-0.436493	
-0.434052	
-0.432526	
-0.43924	
-0.436646	
-0.430603	
-0.430267	
-0.423309	
-0.421478	
-0.443787	
-0.434601	
-0.434174	
-0.429047	
-0.42926	
-0.426208	
-0.434204	
-0.415558	
-0.430328	
-0.431396	
-0.428925	
-0.431091	
-0.433533	
-0.431732	
-0.440918	
-0.43869	
-0.422638	
-0.432465	
-0.437775	
-0.439117	
-0.433258	
-0.445374	
-0.422333	
-0.435028	
-0.433624	
-0.43634	
-0.43277	
-0.443085	
-0.433777	
-0.442169	
-0.437378	
-0.445984	
-0.438141	
-0.434052	
-0.435577	
-0.434967	
-0.439941	
-0.437012	
-0.44281	
-0.443909	
-0.447083	
-0.430634	
-0.434326	
-0.434906	
-0.436615	
-0.443604	
-0.448669	
-0.425934	
-0.442841	
-0.444794	
-0.430298	
-0.436676	
-0.439178	
-0.427582	
-0.435852	
-0.448792	
-0.43338	
-0.432678	
-0.435089	
-0.434937	
-0.430389	
-0.438934	
-0.422974	
-0.434021	
-0.439789	
-0.448181	
-0.435577	
-0.434662	
-0.42923	
-0.459137	
-0.44043	
-0.450775	
-0.441101	
-0.427277	
-0.432678	
-0.44455	
-0.43631	
-0.427185	
-0.446045	
-0.440399	
-0.441132	
-0.44223	
-0.443451	
-0.42627	
-0.436432	
-0.43512	
-0.444611	
-0.442169	
-0.440613	
-0.42868	
-0.438812	
-0.429993	
-0.429047	
-0.43988	
-0.450592	
-0.441437	
-0.429291	
-0.431641	
-0.443726	
-0.448151	
-0.437225	
-0.438324	
-0.438354	
-0.440247	
-0.430084	
-0.433594	
-0.444427	
-0.435852	
-0.431091	
-0.444519	
-0.43158	
-0.43396	
-0.440277	
-0.421997	
-0.425903	
-0.439392	
-0.440613	
-0.438507	
-0.44223	
-0.429901	
-0.438293	
-0.444214	
-0.43631	
-0.428253	
-0.454773	
-0.434967	
-0.441772	
-0.433838	
-0.420868	
-0.421478	
-0.455292	
-0.431213	
-0.436798	
-0.442841	
-0.445557	
-0.43396	
	
