E:\DOCUMENTS AND SETTINGS\JPOTAS\MEUS DOCUMENTOS\UFRJ\RSCI-BM 12 WK SERIES\070731-RSCI-BM-12\RSCI-BM-12-LSN\070731-RSCI-BM-12-LSN-0012.ACQ
0.025000 msec/sample
1 channel
Analog input
Volts
CH1	
2000	
-0.402374	
-0.396332	
-0.40155	
-0.414551	
-0.400116	
-0.399017	
-0.390106	
-0.398865	
-0.406097	
-0.386444	
-0.403168	
-0.405914	
-0.39505	
-0.400085	
-0.407928	
-0.408813	
-0.391174	
-0.408661	
-0.388184	
-0.39267	
-0.395905	
-0.401489	
-0.398712	
-0.398865	
-0.404175	
-0.404663	
-0.399872	
-0.394623	
-0.405609	
-0.418182	
-0.394684	
-0.405762	
-0.400421	
-0.398346	
-0.389923	
-0.392151	
-0.407532	
-0.403473	
-0.401093	
-0.402252	
-0.401367	
-0.395325	
-0.399445	
-0.39621	
-0.381775	
-0.399139	
-0.40625	
-0.407898	
-0.399567	
-0.389923	
-0.412109	
-0.398499	
-0.398865	
-0.400421	
-0.401642	
-0.396332	
-0.387848	
-0.398621	
-0.378967	
-0.394958	
-0.399567	
-0.405334	
-0.408569	
-0.401703	
-0.405457	
-0.391327	
-0.391785	
-0.39566	
-0.396515	
-0.403076	
-0.398376	
-0.411072	
-0.399628	
-0.397705	
-0.389313	
-0.402954	
-0.406952	
-0.386719	
-0.396942	
-0.390106	
-0.405762	
-0.398926	
-0.388092	
-0.39151	
-0.400024	
-0.396057	
-0.404053	
-0.404694	
-0.405701	
-0.410156	
-0.394562	
-0.376038	
-0.411591	
-0.408508	
-0.402161	
-0.403748	
-0.395203	
-0.393738	
-0.39151	
-0.400482	
-0.392151	
-0.396881	
-0.399445	
-0.409271	
-0.398987	
-0.37793	
-0.389557	
-0.397308	
-0.395599	
-0.400848	
-0.404083	
-0.394104	
-0.374939	
-0.397339	
-0.395691	
-0.394714	
-0.387634	
-0.390961	
-0.411713	
-0.402008	
-0.408813	
-0.394012	
-0.402679	
-0.406555	
-0.396454	
-0.391968	
-0.395142	
-0.411041	
-0.406403	
-0.394745	
-0.38385	
-0.410065	
-0.416687	
-0.389465	
-0.401428	
-0.411621	
-0.408356	
-0.391632	
-0.383484	
-0.415649	
-0.404114	
-0.413605	
-0.393738	
-0.406067	
-0.396881	
-0.404755	
-0.404663	
-0.402161	
-0.393433	
-0.392334	
-0.396729	
-0.409363	
-0.402985	
-0.398895	
-0.392303	
-0.412689	
-0.41217	
-0.41626	
-0.39212	
-0.38446	
-0.407135	
-0.399994	
-0.414734	
-0.403259	
-0.396057	
-0.403717	
-0.410767	
-0.404907	
-0.393402	
-0.40033	
-0.399048	
-0.403656	
-0.3992	
-0.387878	
-0.425812	
-0.409363	
-0.399933	
-0.39325	
-0.394592	
-0.394073	
-0.39267	
-0.404022	
-0.384735	
-0.397095	
-0.406738	
-0.396271	
-0.396606	
-0.395203	
-0.400635	
-0.400482	
-0.402893	
-0.412384	
-0.407715	
-0.381317	
-0.374908	
-0.409576	
-0.39743	
-3.25381	
-7.43604	
-3.97885	
-2.36588	
-1.74255	
-1.50092	
3.46808	
4.05862	
2.31955	
0.799377	
0.263306	
0.0274353	
-0.09198	
-0.144745	
-0.170288	
-0.205292	
-0.227905	
-0.240967	
-0.237244	
-0.269592	
-0.277679	
-0.289398	
-0.283112	
-0.292389	
-0.298828	
-0.308868	
-0.321625	
-0.319214	
-0.326172	
-0.326904	
-0.32193	
-0.318726	
-0.329254	
-0.353455	
-0.34552	
-0.341217	
-0.340363	
-0.341125	
-0.329895	
-0.327362	
-0.330719	
-0.312744	
-0.322144	
-0.321747	
-0.299561	
-0.30365	
-0.270447	
-0.256866	
-0.233521	
-0.237091	
-0.242706	
-0.264832	
-0.284119	
-0.331726	
-0.384338	
-0.403564	
-0.435577	
-0.459747	
-0.467529	
-0.502838	
-0.498932	
-0.499817	
-0.504242	
-0.518524	
-0.518341	
-0.524109	
-0.529968	
-0.494598	
-0.499695	
-0.481689	
-0.469666	
-0.457947	
-0.456085	
-0.450256	
-0.441162	
-0.432465	
-0.42923	
-0.43161	
-0.422943	
-0.40741	
-0.425476	
-0.402008	
-0.397705	
-0.395081	
-0.389343	
-0.384949	
-0.395905	
-0.402069	
-0.379944	
-0.389587	
-0.388733	
-0.388336	
-0.380737	
-0.383179	
-0.396881	
-0.375122	
-0.379761	
-0.392487	
-0.389496	
-0.384521	
-0.388153	
-0.407166	
-0.391388	
-0.392609	
-0.388824	
-0.394012	
-0.394196	
-0.372833	
-0.385895	
-0.377991	
-0.389832	
-0.403046	
-0.407806	
-0.388428	
-0.381683	
-0.392517	
-0.398468	
-0.398712	
-0.39386	
-0.384216	
-0.388	
-0.38559	
-0.39624	
-0.381165	
-0.396088	
-0.393585	
-0.391296	
-0.38623	
-0.388275	
-0.398743	
-0.39328	
-0.39386	
-0.405609	
-0.397095	
-0.383392	
-0.386932	
-0.400238	
-0.395966	
-0.398041	
-0.397949	
-0.394836	
-0.380951	
-0.379456	
-0.393311	
-0.389984	
-0.389465	
-0.392273	
-0.39859	
-0.39859	
-0.387756	
-0.399689	
-0.381622	
-0.385254	
-0.39386	
-0.390167	
-0.387268	
-0.392578	
-0.406158	
-0.392273	
-0.387482	
-0.386688	
-0.39389	
-0.391663	
-0.374146	
-0.395905	
-0.391388	
-0.399323	
-0.396637	
-0.388336	
-0.403198	
-0.389343	
-0.400574	
-0.399597	
-0.393646	
-0.387634	
-0.396454	
-0.393585	
-0.385132	
-0.388489	
-0.389618	
-0.39975	
-0.406006	
-0.401489	
-0.410492	
-0.384888	
-0.386963	
-0.400421	
-0.408447	
-0.389618	
-0.392639	
-0.414581	
-0.398651	
-0.404816	
-0.402039	
-0.390717	
-0.393738	
-0.403259	
-0.405914	
-0.392822	
-0.393372	
-0.393158	
-0.391754	
-0.402405	
-0.408295	
-0.420532	
-0.403259	
-0.400482	
-0.391541	
-0.395142	
-0.395172	
-0.38147	
-0.399506	
-0.391205	
-0.392914	
-0.383484	
-0.387115	
-0.393158	
-0.390045	
-0.390747	
-0.385406	
-0.38974	
-0.390442	
-0.389893	
-0.389008	
-0.385498	
-0.405579	
-0.379822	
-0.384705	
-0.391266	
-0.393921	
-0.386627	
-0.37384	
-0.386688	
-0.386871	
-0.399109	
-0.396881	
-0.390808	
-0.390045	
-0.397034	
-0.403351	
-0.394836	
-0.382111	
-0.39386	
-0.406616	
-0.391113	
-0.385712	
-0.404022	
-0.386169	
-0.388092	
-0.394226	
-0.401367	
-0.4039	
-0.387665	
-0.401703	
-0.393616	
-0.400208	
-0.385345	
-0.38681	
-0.397125	
-0.393677	
-0.395569	
-0.390991	
-0.393005	
-0.390564	
-0.394684	
-0.383972	
-0.372864	
-0.406128	
-0.394958	
-0.388733	
-0.392914	
-0.401672	
-0.392273	
-0.373993	
-0.398224	
-0.401764	
-0.40863	
-0.385315	
-0.385803	
-0.386566	
-0.384766	
-0.397308	
-0.399078	
-0.39447	
-0.38504	
-0.380127	
-0.393158	
-0.377106	
-0.381409	
-0.378601	
-0.398132	
-0.392181	
-0.381561	
-0.404175	
-0.383331	
-0.388977	
-0.387787	
-0.384857	
-0.388458	
-0.383667	
-0.382111	
-0.390839	
-0.395447	
-0.393005	
-0.386261	
-0.386627	
-0.39502	
-0.405182	
-0.383392	
-0.385803	
-0.402435	
-0.405853	
-0.376007	
-0.378021	
-0.398041	
-0.383057	
-0.398865	
-0.392334	
-0.39151	
-0.396393	
-0.395081	
-0.394562	
-0.383667	
-0.388489	
-0.394501	
-0.391693	
-0.394196	
-0.399017	
-0.41098	
-0.385162	
-0.388763	
-0.393799	
-0.39389	
-0.397491	
-0.394257	
-0.39743	
-0.384216	
-0.39267	
-0.388977	
-0.397552	
-0.391632	
-0.403778	
-0.413147	
-0.392517	
-0.389862	
-0.396423	
-0.384003	
-0.380402	
-0.386353	
-0.408234	
-0.392303	
-0.400269	
-0.391052	
-0.399719	
-0.400299	
-0.37088	
-0.386963	
-0.396515	
-0.393799	
-0.391144	
-0.395325	
-0.397614	
-0.386749	
-0.388214	
-0.391785	
-0.400085	
-0.401367	
-0.404633	
-0.386505	
-0.375305	
-0.382507	
-0.383514	
-0.395538	
-0.390259	
-0.39151	
-0.404175	
-0.393036	
-0.397491	
-0.386749	
-0.393127	
-0.38681	
-0.399323	
-0.409119	
-0.403351	
-0.40152	
-0.396759	
-0.398773	
-0.395996	
-0.395905	
-0.398743	
-0.386169	
-0.400696	
-0.408295	
-0.403534	
-0.400421	
-0.392029	
-0.399536	
-0.394653	
-0.413361	
-0.398956	
-0.40213	
-0.409515	
-0.399384	
-0.384735	
-0.392334	
-0.398315	
-0.397888	
-0.404785	
-0.399841	
-0.39328	
-0.406647	
-0.378845	
-0.398712	
-0.406036	
-0.405701	
-0.397278	
-0.395508	
-0.396667	
-0.395172	
-0.405792	
-0.408051	
-0.395203	
-0.39679	
-0.402832	
-0.399811	
-0.386292	
-0.393219	
-0.402008	
-0.397949	
-0.399384	
-0.411163	
-0.401398	
-0.394104	
-0.400238	
-0.400085	
-0.401306	
-0.387299	
-0.389893	
-0.415894	
-0.393097	
-0.395172	
-0.392395	
-0.391754	
-0.391846	
-0.407684	
-0.409485	
-0.385071	
-0.393463	
-0.405762	
-0.402039	
-0.402435	
-0.389587	
-0.397919	
-0.39978	
-0.416016	
-0.402985	
-0.403473	
-0.414612	
-0.392883	
-0.392365	
-0.396149	
-0.413086	
-0.406403	
-0.413574	
-0.410278	
-0.408173	
-0.399994	
-0.388733	
-0.397949	
-0.408051	
-0.407318	
-0.410522	
-0.400177	
-0.407562	
-0.391266	
-0.405731	
-0.395752	
-0.403778	
-0.410431	
-0.39856	
-0.402985	
-0.396118	
-0.390991	
-0.401855	
-0.393158	
-0.405426	
-0.409973	
-0.408386	
-0.399048	
-0.406952	
-0.402954	
-0.406891	
-0.402557	
-0.394531	
-0.402222	
-0.402039	
-0.405334	
-0.401611	
-0.408569	
-0.406281	
-0.394897	
-0.410889	
-0.391083	
-0.400208	
-0.415039	
-0.413452	
-0.391571	
-0.388672	
-0.402527	
-0.400055	
-0.397003	
-0.401215	
-0.398407	
-0.414642	
-0.398071	
-0.397156	
-0.395508	
-0.398651	
-0.39212	
-0.402069	
-0.415314	
-0.394836	
-0.404053	
-0.401428	
-0.397308	
-0.399231	
-0.403717	
-0.397858	
-0.401184	
-0.409912	
-0.407867	
-0.40274	
-0.394379	
-0.392395	
-0.403656	
-0.399292	
-0.409424	
-0.395752	
-0.405365	
-0.390808	
-0.384247	
-0.412506	
-0.399628	
-0.398682	
-0.410492	
-0.404083	
-0.400513	
-0.399933	
-0.40744	
-0.407654	
-0.40152	
-0.393768	
-0.402832	
-0.400757	
-0.402252	
-0.408234	
-0.390411	
-0.39917	
-0.408875	
-0.405975	
-0.401703	
-0.406677	
-0.411469	
-0.39502	
-0.414581	
-0.400574	
-0.404999	
-0.403748	
-0.40625	
-0.407684	
-0.393982	
-0.395294	
-0.402771	
-0.391724	
-0.381714	
-0.396729	
-0.421173	
-0.393158	
-0.399475	
-0.394989	
-0.386871	
-0.402252	
-0.399597	
-0.403809	
-0.397003	
-0.401947	
-0.397522	
-0.398438	
-0.397217	
-0.400757	
-0.404205	
-0.403442	
-0.403961	
-0.400391	
-0.408661	
-0.408356	
-0.390656	
-0.407776	
-0.396027	
-0.400421	
-0.40564	
-0.41214	
-0.411835	
-0.401154	
-0.41275	
-0.388092	
-0.393005	
-0.407501	
-0.407043	
-0.405579	
-0.395111	
-0.400879	
-0.401642	
-0.398376	
-0.405701	
-0.424591	
-0.408142	
-0.380615	
-0.401398	
-0.404114	
-0.400391	
-0.398651	
-0.404022	
-0.425781	
-0.404877	
-0.417297	
-0.402863	
-0.40506	
-0.392822	
-0.416718	
-0.405945	
-0.394989	
-0.407501	
-0.412079	
-0.405426	
-0.411469	
-0.404449	
-0.406097	
-0.391357	
-0.408447	
-0.403229	
-0.403564	
-0.403748	
-0.404358	
-0.404114	
-0.390778	
-0.397064	
-0.402344	
-0.407104	
-0.407257	
-0.406677	
-0.399963	
-0.398529	
-0.404999	
-0.402924	
-0.397644	
-0.393768	
-0.40625	
-0.416718	
-0.403107	
-0.411957	
-0.392761	
-0.391113	
-0.398865	
-0.400391	
-0.403503	
-0.403473	
-0.414673	
-0.397888	
-0.397095	
-0.396912	
-0.404449	
-0.408447	
-0.40152	
-0.41037	
-0.402618	
-0.392548	
-0.400146	
-0.391968	
-0.401947	
-0.399445	
-0.398499	
-0.403046	
-0.409332	
-0.393799	
-0.382721	
-0.412933	
-0.39032	
-0.3927	
-0.399017	
-0.405823	
-0.402832	
-0.406677	
-0.410217	
-0.399323	
-0.395569	
-0.401123	
-0.410645	
-0.416718	
-0.398346	
-0.41983	
-0.400787	
-0.400787	
-0.393066	
-0.411591	
-0.419159	
-0.399567	
-0.403229	
-0.410492	
-0.401825	
-0.395416	
-0.400391	
-0.398041	
-0.400482	
-0.414063	
-0.411255	
-0.404633	
-0.391876	
-0.395538	
-0.385101	
-0.390594	
-0.402985	
-0.405273	
-0.401886	
-0.400513	
-0.411591	
-0.410278	
-0.389832	
-0.39856	
-0.38913	
-0.403778	
-0.401428	
-0.395447	
-0.395386	
-0.397552	
-0.395813	
-0.40094	
-0.402008	
-0.399414	
-0.404449	
-0.3992	
-0.391449	
-0.39975	
-0.397156	
-0.399567	
-0.406006	
-0.40033	
-0.397064	
-0.382538	
-0.401123	
-0.391724	
-0.405396	
-0.402008	
-0.395294	
-0.38858	
-0.389679	
-0.400604	
-0.395599	
-0.392761	
-0.402954	
-0.401215	
-0.404205	
-0.392578	
-0.413391	
-0.397736	
-0.396912	
-0.389221	
-0.390564	
-0.411926	
-0.405121	
-0.408295	
-0.404938	
-0.391144	
-0.389343	
-0.402374	
-0.404327	
-0.401611	
-0.414948	
-0.401459	
-0.386627	
-0.393616	
-0.401794	
-0.402954	
-0.387604	
-0.392853	
-0.390869	
-0.405334	
-0.402527	
-0.384308	
-0.404175	
-0.396332	
-0.391144	
-0.387115	
-0.400543	
-0.398285	
-0.402008	
-0.408447	
-0.399597	
-0.396179	
-0.391937	
-0.383331	
-0.395264	
-0.39978	
-0.408203	
-0.400299	
-0.398193	
-0.382874	
-0.39389	
-0.403687	
-0.392059	
-0.400818	
-0.393463	
-0.394104	
-0.396149	
-0.394562	
-0.387238	
-0.400452	
-0.406128	
-0.398193	
-0.400909	
-0.38974	
-0.389679	
-0.40155	
-0.383667	
-0.397095	
-0.393341	
-0.392395	
-0.390991	
-0.400055	
-0.403656	
-0.39859	
-0.399963	
-0.395569	
-0.391724	
-0.392487	
-0.396515	
-0.406586	
-0.404175	
-0.399139	
-0.390656	
-0.393433	
-0.399628	
-0.40509	
-0.397552	
-0.386566	
-0.408539	
-0.409546	
-0.397247	
-0.38327	
-0.403809	
-0.398712	
-0.386536	
-0.407135	
-0.39682	
-0.391602	
-0.398773	
-0.4021	
-0.389191	
-0.393524	
-0.404572	
-0.400696	
-0.401367	
-0.402374	
-0.396759	
-0.394714	
-0.385437	
-0.400391	
-0.40863	
-0.412292	
-0.398163	
-0.381134	
-0.397247	
-0.386688	
-0.399109	
-0.401947	
-0.412994	
-0.39502	
-0.396484	
-0.396271	
-0.387848	
-0.391113	
-0.398987	
-0.393982	
-0.384277	
-0.386841	
-0.397888	
-0.380737	
-0.401123	
-0.395416	
-0.397736	
-0.390472	
-0.386932	
-0.400696	
-0.389984	
-0.398346	
-0.395172	
-0.392059	
-0.401642	
-0.402954	
-0.400024	
-0.39621	
-0.400696	
-0.394348	
-0.391174	
-0.399292	
-0.405518	
-0.397949	
-0.385223	
-0.409424	
-0.403046	
-0.391846	
-0.404541	
-0.396088	
-0.400146	
-0.397919	
-0.409241	
-0.394989	
-0.400696	
-0.402863	
-0.392975	
-0.391724	
-0.398926	
-0.400269	
-0.406982	
-0.406921	
-0.395142	
-0.382568	
-0.401825	
-0.403625	
-0.393188	
-0.395203	
-0.407776	
-0.408539	
-0.389252	
-0.403076	
-0.393982	
-0.40155	
-0.390594	
-0.386017	
-0.388824	
-0.404572	
-0.403625	
-0.390808	
-0.38623	
-0.3927	
-0.404999	
-0.395813	
-0.395172	
-0.4151	
-0.384033	
-0.384613	
-0.395935	
-0.405579	
-0.399017	
-0.384003	
-0.40448	
-0.403717	
-0.395569	
-0.381134	
-0.393707	
-0.389435	
-0.379456	
-0.388947	
-0.384155	
-0.388184	
-0.397461	
-0.400848	
-0.394257	
-0.389526	
-0.401062	
-0.386261	
-0.395477	
-0.394348	
-0.395844	
-0.397491	
-0.3862	
-0.406097	
-0.398193	
-0.392487	
-0.390045	
-0.402863	
-0.401825	
-0.387329	
-0.391815	
-0.398407	
-0.395813	
-0.394928	
-0.396179	
-0.407928	
-0.386353	
-0.40033	
-0.401245	
-0.397888	
-0.386353	
-0.379395	
-0.389069	
-0.384003	
-0.402557	
-0.395325	
-0.401031	
-0.393463	
-0.387726	
-0.385864	
-0.388519	
-0.401733	
-0.403351	
-0.389526	
-0.399414	
-0.40918	
-0.401245	
-0.381836	
-0.398468	
-0.394257	
-0.404114	
-0.39978	
-0.387665	
-0.400116	
-0.386383	
-0.380096	
-0.387817	
-0.396667	
-0.397339	
-0.405487	
-0.405945	
-0.389069	
-0.389008	
-0.389313	
-0.384583	
-0.386932	
-0.398499	
-0.395386	
-0.389374	
-0.398743	
-0.39325	
-0.389893	
-0.382446	
-0.380096	
-0.410095	
-0.405701	
-0.389954	
-0.391449	
-0.397339	
-0.38385	
-0.394196	
-0.407867	
-0.387787	
-0.397522	
-0.409973	
-0.402771	
-0.394592	
-0.381653	
-0.392761	
-0.386993	
-0.394928	
-0.404449	
-0.416199	
-0.405853	
-0.395935	
-0.411774	
-0.396362	
-0.403137	
-0.390381	
-0.391724	
-0.404175	
-0.407043	
-0.401215	
-0.401703	
-0.395599	
-0.387848	
-0.401978	
-0.401825	
-0.389648	
-0.408844	
-0.399658	
-0.398987	
-0.388763	
-0.39325	
-0.404541	
-0.401672	
-0.399139	
-0.389252	
-0.398834	
-0.393433	
-0.393829	
-0.38913	
-0.388214	
-0.402161	
-0.393005	
-0.390137	
-0.402191	
-0.402252	
-0.398163	
-0.397461	
-0.399628	
-0.391602	
-0.40036	
-0.385101	
-0.385834	
-0.398193	
-0.379364	
-0.402679	
-0.402618	
-0.394684	
-0.394989	
-0.395233	
-0.384216	
-0.389984	
-0.399384	
-0.400269	
-0.396149	
-0.394714	
-0.389404	
-0.399384	
-0.402618	
-0.41095	
-0.388367	
-0.387482	
-0.382629	
-0.38855	
-0.402863	
-0.399078	
-0.405853	
-0.407196	
-0.404907	
-0.391083	
-0.395721	
-0.404388	
-0.400421	
-0.400604	
-0.413574	
-0.406128	
-0.385376	
-0.387787	
-0.405884	
-0.398041	
-0.407349	
-0.397552	
-0.394775	
-0.391418	
-0.393311	
-0.400391	
-0.400177	
-0.397827	
-0.398163	
-0.403778	
-0.398926	
-0.401855	
-0.405273	
-0.39035	
-0.399445	
-0.405518	
-0.408447	
-0.397705	
-0.385956	
-0.389862	
-0.39682	
-0.404022	
-0.396393	
-0.409393	
-0.407745	
-0.385223	
-0.405426	
-0.39917	
-0.401489	
-0.393951	
-0.394379	
-0.39743	
-0.407593	
-0.407379	
-0.404083	
-0.406952	
-0.393158	
-0.393555	
-0.400513	
-0.387939	
-0.40094	
-0.401154	
-0.40329	
-0.398071	
-0.406036	
-0.398926	
-0.389679	
-0.407532	
-0.397827	
-0.395203	
-0.397583	
-0.395721	
-0.392731	
-0.390656	
-0.394836	
-0.393005	
-0.399719	
-0.401978	
-0.393311	
-0.39209	
-0.385895	
-0.399872	
-0.393555	
-0.399719	
-0.401611	
-0.40332	
-0.410156	
-0.381958	
-0.391449	
-0.404816	
-0.405151	
-0.397827	
-0.405151	
-0.392334	
-0.382507	
-0.395844	
-0.396057	
-0.395325	
-0.395172	
-0.401398	
-0.402802	
-0.395599	
-0.401764	
-0.397522	
-0.404236	
-0.396301	
-0.384155	
-0.395264	
-0.389435	
-0.411224	
-0.396149	
-0.404938	
-0.403717	
-0.399628	
-0.401337	
-0.406799	
-0.402252	
-0.398376	
-0.395966	
-0.39798	
-0.397034	
-0.399811	
-0.387177	
-0.406799	
-0.395691	
-0.397369	
-0.396057	
-0.381195	
-0.386078	
-0.393463	
-0.393524	
-0.386475	
-0.408813	
-0.406372	
-0.398224	
-0.396912	
-0.396423	
-0.391968	
-0.397247	
-0.399139	
-0.398895	
-0.396851	
-0.399658	
-0.389435	
-0.402344	
-0.40976	
-0.407654	
-0.386414	
-0.388672	
-0.410217	
-0.396637	
-0.389801	
-0.394379	
-0.401306	
-0.397186	
-0.399292	
-0.401184	
-0.406281	
-0.413452	
-0.39856	
-0.397766	
-0.407471	
-0.402252	
-0.404663	
-0.396393	
-0.407684	
-0.400757	
-0.403412	
-0.400452	
-0.401245	
-0.405609	
-0.381439	
-0.40094	
-0.404358	
-0.40744	
-0.394989	
-0.397522	
-0.412231	
-0.409332	
-0.40094	
-0.408051	
-0.401917	
-0.402466	
-0.403595	
-0.414886	
-0.394897	
-0.410095	
-0.400238	
-0.398346	
-0.416046	
-0.399414	
-0.413971	
-0.414673	
-0.408966	
-0.393005	
-0.398651	
-0.398773	
-0.392242	
-0.404083	
-0.399323	
-0.394379	
-0.406403	
-0.408997	
-0.392181	
-0.391174	
-0.414581	
-0.393921	
-0.399628	
-0.399109	
-0.401001	
-0.402985	
-0.392578	
-0.398743	
-0.402924	
-0.411621	
-0.408966	
-0.408417	
-0.397125	
-0.387177	
-0.394562	
-0.39505	
-0.401947	
-0.404968	
-0.404633	
-0.409485	
-0.401672	
-0.403625	
-0.398376	
-0.398315	
-0.384583	
-0.386627	
-0.408417	
-0.386536	
-0.402618	
-0.398102	
-0.392731	
-0.391113	
-0.398834	
-0.39856	
-0.407593	
-0.404449	
-0.396332	
-0.399139	
-0.3992	
-0.394318	
-0.408264	
-0.403381	
-0.405457	
-0.403778	
-0.409882	
-0.399292	
-0.392792	
-0.402405	
-0.393127	
-0.397339	
-0.411865	
-0.410797	
-0.395691	
-0.406525	
-0.406219	
-0.39212	
-0.406219	
-0.407776	
-0.398132	
-0.402252	
-0.408417	
-0.403412	
-0.383148	
-0.392578	
-0.396027	
-0.403046	
-0.410553	
-0.410583	
-0.401276	
-0.382263	
-0.392853	
-0.391846	
-0.397217	
-0.3927	
-0.39975	
-0.405518	
-0.401611	
-0.405487	
-0.399475	
-0.400879	
-0.394623	
-0.391113	
-0.404541	
-0.39093	
-0.39447	
-0.402679	
-0.410522	
-0.413177	
-0.393219	
-0.399445	
-0.397217	
-0.411072	
-0.390808	
-0.392975	
-0.40213	
-0.399536	
-0.394562	
-0.398346	
-0.394989	
-0.404724	
-0.40686	
-0.409851	
-0.396423	
-0.401093	
-0.390106	
-0.399323	
-0.3909	
-0.400726	
-0.412506	
-0.401672	
-0.3974	
-0.402161	
-0.393768	
-0.403198	
-0.412476	
-0.401428	
-0.390472	
-0.399689	
-0.391693	
-0.40097	
-0.411041	
-0.40329	
-0.404633	
-0.398407	
-0.390533	
-0.393158	
-0.405884	
-0.391907	
-0.375763	
-0.397797	
-0.393921	
-0.406067	
-0.402466	
-0.407623	
-0.394653	
-0.398041	
-0.388702	
-0.382416	
-0.392151	
-0.400452	
-0.394196	
-0.389771	
-0.39624	
-0.400299	
-0.389221	
-0.400391	
-0.388397	
-0.399414	
-0.391479	
-0.385773	
-0.389343	
-0.390625	
-0.401672	
-0.39975	
-0.409332	
-0.395844	
-0.397095	
-0.40033	
-0.400574	
-0.394836	
-0.390137	
-0.387421	
-0.399475	
-0.395538	
-0.395447	
-0.389374	
-0.394287	
-0.391876	
-0.409363	
-0.393921	
-0.392761	
-0.404419	
-0.390594	
-0.377167	
-0.387085	
-0.392731	
-0.393677	
-0.396576	
-0.399078	
-0.396729	
-0.412079	
-0.402466	
-0.397858	
-0.394012	
-0.392303	
-0.391968	
-0.395721	
-0.406525	
-0.403503	
-0.408264	
-0.413269	
-0.392334	
-0.406433	
-0.385376	
-0.39505	
-0.398621	
-0.398529	
-0.393738	
-0.407166	
-0.397491	
-0.389282	
-0.406372	
-0.399963	
-0.399506	
-0.414948	
-0.390961	
-0.397095	
-0.386963	
-0.39621	
-0.397766	
-0.411377	
-0.410828	
-0.406921	
-0.406586	
-0.400482	
-0.388916	
-0.391327	
-0.401825	
-0.403961	
-0.394928	
-0.399689	
-0.403625	
-0.387543	
-0.399567	
-0.407471	
-0.39798	
-0.391449	
-0.405121	
-0.388611	
-0.3974	
-0.398224	
-0.386169	
-0.401428	
-0.383881	
-0.378845	
-0.402496	
-0.404358	
-0.390991	
-0.393982	
-0.393158	
-0.393127	
-0.399445	
-0.385651	
-0.395691	
-0.394623	
-0.389832	
-0.392792	
-0.404022	
-0.403259	
-0.395294	
-0.399628	
-0.390137	
-0.384125	
-0.400696	
-0.390656	
-0.404694	
-0.396454	
-0.422119	
-0.4021	
-0.401337	
-0.402222	
-0.406097	
-0.396912	
-0.395599	
-0.396423	
-0.39035	
-0.390411	
-0.41153	
-0.397095	
-0.409241	
-0.387329	
-0.38797	
-0.388855	
-0.39917	
-0.409882	
-0.385071	
-0.391479	
-0.400665	
-0.394836	
-0.389923	
-0.39801	
-0.407288	
-0.396912	
-0.393585	
-0.394226	
-0.402313	
-0.401611	
-0.395325	
-0.399261	
-0.400452	
-0.400391	
-0.396973	
-0.394287	
-0.390472	
-0.385529	
-0.39566	
-0.388855	
-0.402435	
-0.374847	
-0.375702	
-0.397186	
-0.408966	
-0.400635	
-0.384277	
-0.393555	
-0.40564	
-0.396698	
-0.388611	
-0.388	
-0.393585	
-0.38855	
-0.398254	
-0.388306	
-0.395935	
-0.405701	
-0.389832	
-0.38855	
-0.396545	
-0.398346	
-0.384216	
-0.401855	
-0.396912	
-0.392212	
-0.3927	
-0.396851	
-0.400665	
-0.407349	
-0.398224	
-0.39624	
-0.391205	
-0.406677	
-0.38559	
-0.397705	
-0.399933	
-0.400452	
-0.396088	
-0.396484	
-0.406708	
-0.402954	
-0.397156	
-0.393677	
-0.39505	
-0.394379	
-0.387207	
-0.397888	
-0.385986	
-0.384308	
-0.399719	
-0.40921	
-0.395813	
-0.397522	
-0.393921	
-0.391968	
-0.401276	
-0.387543	
-0.3909	
-0.399109	
-0.388702	
-0.410797	
-0.399414	
-0.405914	
-0.393921	
-0.399384	
-0.389679	
-0.387939	
-0.402496	
-0.406586	
-0.39856	
-0.390381	
-0.3909	
-0.398712	
-0.387512	
-0.398224	
-0.395294	
-0.40152	
-0.389038	
-0.372742	
-0.394226	
-0.384033	
-0.393372	
-0.396545	
-0.399536	
-0.396545	
-0.407135	
-0.397491	
-0.384888	
-0.393799	
-0.386017	
-0.389282	
-0.409637	
-0.396454	
-0.401215	
-0.401123	
-0.40271	
-0.381683	
-0.393066	
-0.391663	
-0.392975	
-0.405609	
-0.402313	
-0.406891	
-0.389313	
-0.389648	
-0.406586	
-0.403229	
-0.406372	
-0.406128	
-0.400482	
-0.400116	
-0.408691	
-0.402679	
-0.402039	
-0.398712	
-0.38797	
-0.395233	
-0.403656	
-0.404724	
-0.410828	
-0.402893	
-0.398163	
-0.388428	
-0.388153	
-0.379181	
-0.408112	
-0.402771	
-0.392487	
-0.395813	
-0.400421	
-0.405212	
-0.402954	
-0.395172	
-0.402771	
-0.404724	
-0.405151	
-0.38916	
-0.399902	
-0.391724	
-0.39856	
-0.403625	
-0.393982	
-0.413605	
-0.409241	
-0.385559	
-0.378723	
-0.397308	
-0.391052	
-0.401428	
-0.404572	
-0.397186	
-0.395569	
-0.39267	
-0.402039	
-0.407623	
-0.390594	
-0.397766	
-0.389832	
-0.394714	
-0.39035	
-0.411438	
-0.413635	
-0.393372	
-0.39325	
-0.405396	
-0.407654	
-0.404114	
-0.389893	
-0.391968	
-0.397797	
-0.401154	
-0.391327	
-0.399048	
-0.406494	
-0.404449	
-0.402435	
-0.402222	
-0.412201	
-0.397552	
-0.397614	
-0.391113	
-0.396454	
-0.403229	
-0.397034	
-0.406158	
	
