E:\DOCUMENTS AND SETTINGS\JPOTAS\MEUS DOCUMENTOS\UFRJ\RSCI-BM 12 WK SERIES\070806-RSCI-BM-16\RSCI-BM-16-LSN\070806-RSCI-BM-16-LSN-0037.ACQ
0.025000 msec/sample
1 channel
Analog input
Volts
CH1	
2000	
-0.3927	
-0.388336	
-0.3974	
-0.392975	
-0.361755	
-0.391724	
-0.385345	
-0.389954	
-0.387909	
-0.391632	
-0.401367	
-0.381165	
-0.388428	
-0.373901	
-0.393646	
-0.407013	
-0.387451	
-0.399445	
-0.376343	
-0.410614	
-0.384521	
-0.396301	
-0.382477	
-0.360352	
-0.381805	
-0.370819	
-0.397125	
-0.385529	
-0.396667	
-0.389465	
-0.382874	
-0.391846	
-0.383057	
-0.400055	
-0.38031	
-0.3815	
-0.398163	
-0.388031	
-0.404114	
-0.380493	
-0.409943	
-0.375519	
-0.380737	
-0.37912	
-0.384277	
-0.391418	
-0.352631	
-0.377167	
-0.391846	
-0.397003	
-0.37796	
-0.373047	
-0.398834	
-0.395966	
-0.395081	
-0.372955	
-0.366547	
-0.386536	
-0.391418	
-0.409882	
-0.377197	
-0.402344	
-0.38736	
-0.387115	
-0.384094	
-0.381042	
-0.399811	
-0.375031	
-0.393433	
-0.392822	
-0.392029	
-0.374176	
-0.382721	
-0.401428	
-0.385803	
-0.397614	
-0.396606	
-0.387482	
-0.392853	
-0.372772	
-0.400879	
-0.375977	
-0.400482	
-0.384247	
-0.395142	
-0.393372	
-0.391449	
-0.403534	
-0.369507	
-0.382935	
-0.386658	
-0.406647	
-0.393097	
-0.377502	
-0.386719	
-0.385864	
-0.406281	
-0.393524	
-0.376465	
-0.384918	
-0.369415	
-0.399719	
-0.37207	
-0.399963	
-0.383636	
-0.397766	
-0.385559	
-0.393005	
-0.414429	
-0.370087	
-0.382141	
-0.385284	
-0.388031	
-0.387726	
-0.394897	
-0.390015	
-0.375824	
-0.405518	
-0.377167	
-0.367432	
-0.403412	
-0.371246	
-0.399628	
-0.386047	
-0.387268	
-0.374512	
-0.390961	
-0.368835	
-0.384125	
-0.414307	
-0.378845	
-0.389984	
-0.386322	
-0.379761	
-0.385895	
-0.369385	
-0.378235	
-0.377625	
-0.393402	
-0.386322	
-0.376343	
-0.380981	
-0.359436	
-0.395721	
-0.368256	
-0.396606	
-0.384796	
-0.382813	
-0.394043	
-0.390442	
-0.403564	
-0.379395	
-0.378021	
-0.374725	
-0.393616	
-0.386322	
-0.372589	
-0.386108	
-0.368591	
-0.389709	
-0.401672	
-0.372162	
-0.3815	
-0.373749	
-0.391602	
-0.366028	
-0.395264	
-0.377716	
-0.38382	
-0.393402	
-0.386261	
-0.418182	
-0.396942	
-0.380096	
-0.379913	
-0.392731	
-0.390076	
-0.381897	
-0.38562	
-0.367645	
-0.375244	
-0.390717	
-0.384155	
-0.395325	
-0.363434	
-0.39502	
-0.380981	
-0.394287	
-0.388123	
-0.388641	
-0.377472	
-0.376312	
-0.422638	
-0.391785	
-0.38092	
-0.36908	
-0.396698	
-2.71616	
-2.53781	
-1.31155	
-0.873352	
-0.709564	
-0.65094	
2.68103	
1.42474	
0.330048	
-0.0750732	
-0.192963	
-0.277771	
-0.300873	
-0.325958	
-0.330963	
-0.333954	
-0.37619	
-0.343719	
-0.34726	
-0.3479	
-0.356384	
-0.375946	
-0.362366	
-0.362579	
-0.342804	
-0.359985	
-0.376587	
-0.358948	
-0.379486	
-0.351715	
-0.374634	
-0.332977	
-0.345398	
-0.32547	
-0.333618	
-0.325531	
-0.277161	
-0.283142	
-0.257172	
-0.258453	
-0.278534	
-0.310181	
-0.378693	
-0.42218	
-0.44635	
-0.431458	
-0.455231	
-0.47998	
-0.432007	
-0.436859	
-0.382813	
-0.39328	
-0.347473	
-0.345337	
-0.35318	
-0.3703	
-0.380493	
-0.381042	
-0.422913	
-0.415985	
-0.410248	
-0.411804	
-0.444336	
-0.491425	
-0.497681	
-0.52063	
-0.512146	
-0.514343	
-0.550659	
-0.535645	
-0.550201	
-0.512329	
-0.525208	
-0.485809	
-0.48526	
-0.458099	
-0.42981	
-0.418457	
-0.383942	
-0.387024	
-0.370911	
-0.371643	
-0.340485	
-0.341614	
-0.361603	
-0.353302	
-0.352966	
-0.352386	
-0.354706	
-0.360168	
-0.370483	
-0.401733	
-0.36676	
-0.405914	
-0.384827	
-0.384033	
-0.385468	
-0.383667	
-0.389832	
-0.371552	
-0.400391	
-0.401031	
-0.411682	
-0.385223	
-0.386322	
-0.39563	
-0.378418	
-0.394196	
-0.394165	
-0.386963	
-0.400543	
-0.388275	
-0.403412	
-0.380066	
-0.401306	
-0.375732	
-0.396912	
-0.382355	
-0.382111	
-0.400848	
-0.361328	
-0.386261	
-0.380493	
-0.385284	
-0.389862	
-0.388519	
-0.40036	
-0.387604	
-0.392822	
-0.3797	
-0.372711	
-0.385925	
-0.391876	
-0.423462	
-0.375549	
-0.403564	
-0.3927	
-0.39032	
-0.387543	
-0.394714	
-0.407288	
-0.373383	
-0.397278	
-0.394318	
-0.391357	
-0.388397	
-0.377716	
-0.390289	
-0.393188	
-0.412048	
-0.381866	
-0.361664	
-0.398315	
-0.380554	
-0.398468	
-0.378967	
-0.404755	
-0.37384	
-0.389008	
-0.398438	
-0.380676	
-0.383453	
-0.380096	
-0.399689	
-0.389679	
-0.395233	
-0.39801	
-0.3909	
-0.384918	
-0.371918	
-0.403534	
-0.396423	
-0.372925	
-0.390961	
-0.377747	
-0.400482	
-0.384918	
-0.407837	
-0.389221	
-0.39859	
-0.374725	
-0.389679	
-0.412781	
-0.395111	
-0.400726	
-0.389496	
-0.408081	
-0.40564	
-0.381226	
-0.390869	
-0.40152	
-0.42334	
-0.409119	
-0.393463	
-0.385223	
-0.366699	
-0.410187	
-0.390106	
-0.404358	
-0.386292	
-0.404297	
-0.404602	
-0.391632	
-0.408691	
-0.392426	
-0.388794	
-0.384583	
-0.402283	
-0.399597	
-0.375397	
-0.398926	
-0.391266	
-0.401367	
-0.396942	
-0.386597	
-0.387756	
-0.368713	
-0.410522	
-0.386871	
-0.397522	
-0.387878	
-0.386902	
-0.391937	
-0.39978	
-0.432251	
-0.396179	
-0.385681	
-0.376526	
-0.381195	
-0.400909	
-0.38736	
-0.393921	
-0.37973	
-0.384277	
-0.381287	
-0.380463	
-0.398651	
-0.375763	
-0.407806	
-0.383118	
-0.390106	
-0.384277	
-0.389832	
-0.389801	
-0.382843	
-0.42392	
-0.398987	
-0.381317	
-0.374878	
-0.382965	
-0.382446	
-0.383728	
-0.394348	
-0.374786	
-0.392242	
-0.405365	
-0.362854	
-0.394501	
-0.38269	
-0.389282	
-0.386475	
-0.415436	
-0.387756	
-0.389252	
-0.385895	
-0.371704	
-0.421783	
-0.387573	
-0.389191	
-0.392914	
-0.384979	
-0.398224	
-0.402588	
-0.381683	
-0.373047	
-0.393616	
-0.400452	
-0.389313	
-0.419312	
-0.389709	
-0.399628	
-0.368561	
-0.401093	
-0.390594	
-0.390503	
-0.39801	
-0.382446	
-0.405731	
-0.39978	
-0.391174	
-0.373444	
-0.401672	
-0.413086	
-0.389954	
-0.397888	
-0.372559	
-0.377319	
-0.410309	
-0.391968	
-0.408661	
-0.38446	
-0.408142	
-0.37326	
-0.400177	
-0.378326	
-0.38559	
-0.397583	
-0.37085	
-0.400085	
-0.38681	
-0.389648	
-0.380005	
-0.389587	
-0.403748	
-0.38681	
-0.391541	
-0.380096	
-0.383331	
-0.395233	
-0.389984	
-0.428711	
-0.376556	
-0.390808	
-0.370026	
-0.394897	
-0.390869	
-0.392853	
-0.384583	
-0.355927	
-0.386139	
-0.396484	
-0.404327	
-0.39151	
-0.391022	
-0.405609	
-0.386353	
-0.39209	
-0.390045	
-0.386169	
-0.391663	
-0.38324	
-0.419952	
-0.392334	
-0.385773	
-0.368286	
-0.387512	
-0.388092	
-0.38855	
-0.385986	
-0.359802	
-0.388214	
-0.394165	
-0.401611	
-0.385956	
-0.385498	
-0.399048	
-0.401917	
-0.406006	
-0.385193	
-0.383606	
-0.409698	
-0.394409	
-0.39856	
-0.370972	
-0.399658	
-0.392853	
-0.403442	
-0.380157	
-0.375671	
-0.388062	
-0.367798	
-0.391754	
-0.388641	
-0.409943	
-0.395782	
-0.389862	
-0.389465	
-0.398773	
-0.418457	
-0.39566	
-0.37558	
-0.404175	
-0.390228	
-0.400299	
-0.367523	
-0.401611	
-0.381287	
-0.395172	
-0.386597	
-0.390564	
-0.384125	
-0.34967	
-0.397919	
-0.400543	
-0.407349	
-0.389862	
-0.375061	
-0.390137	
-0.387787	
-0.410828	
-0.405334	
-0.381866	
-0.395325	
-0.378845	
-0.405731	
-0.380768	
-0.415497	
-0.385132	
-0.393738	
-0.397949	
-0.391449	
-0.399963	
-0.387756	
-0.39978	
-0.390289	
-0.404327	
-0.399872	
-0.377075	
-0.398438	
-0.393402	
-0.417358	
-0.412964	
-0.395447	
-0.394928	
-0.362152	
-0.4039	
-0.391998	
-0.408905	
-0.378723	
-0.395721	
-0.393188	
-0.400146	
-0.411163	
-0.385345	
-0.381897	
-0.393921	
-0.403412	
-0.397949	
-0.381622	
-0.403046	
-0.391266	
-0.391998	
-0.390137	
-0.38092	
-0.392517	
-0.373047	
-0.404419	
-0.385529	
-0.408478	
-0.382324	
-0.387604	
-0.386536	
-0.387695	
-0.410248	
-0.397095	
-0.385193	
-0.383148	
-0.380463	
-0.381409	
-0.375854	
-0.389221	
-0.387329	
-0.398041	
-0.39502	
-0.389557	
-0.381165	
-0.355164	
-0.404999	
-0.392395	
-0.400391	
-0.387634	
-0.396545	
-0.386841	
-0.388	
-0.423157	
-0.391388	
-0.38324	
-0.386444	
-0.391754	
-0.383575	
-0.37851	
-0.387451	
-0.370758	
-0.399536	
-0.393707	
-0.378448	
-0.383484	
-0.368286	
-0.398254	
-0.373169	
-0.400757	
-0.382507	
-0.375	
-0.397247	
-0.399628	
-0.413849	
-0.381989	
-0.38855	
-0.388733	
-0.395691	
-0.392944	
-0.37558	
-0.388611	
-0.365936	
-0.386139	
-0.407745	
-0.387878	
-0.38797	
-0.371155	
-0.406219	
-0.372711	
-0.382446	
-0.379669	
-0.392731	
-0.392151	
-0.365051	
-0.410278	
-0.40625	
-0.391052	
-0.375183	
-0.369598	
-0.387024	
-0.386658	
-0.385254	
-0.363647	
-0.374481	
-0.401672	
-0.399231	
-0.408783	
-0.359955	
-0.391449	
-0.383392	
-0.402283	
-0.39032	
-0.386353	
-0.387848	
-0.37619	
-0.413727	
-0.394958	
-0.384766	
-0.380157	
-0.393524	
-0.400208	
-0.381897	
-0.380798	
-0.375488	
-0.383331	
-0.395966	
-0.391418	
-0.415924	
-0.37912	
-0.395233	
-0.381836	
-0.402435	
-0.390869	
-0.388214	
-0.381134	
-0.370178	
-0.400116	
-0.392487	
-0.403503	
-0.388611	
-0.373688	
-0.393433	
-0.391785	
-0.394043	
-0.393066	
-0.3992	
-0.399994	
-0.378204	
-0.408569	
-0.37912	
-0.396545	
-0.378265	
-0.404388	
-0.382538	
-0.386749	
-0.382629	
-0.346405	
-0.385529	
-0.398834	
-0.395203	
-0.382813	
-0.390228	
-0.39856	
-0.373047	
-0.394592	
-0.375244	
-0.38092	
-0.408325	
-0.394135	
-0.407867	
-0.383087	
-0.385437	
-0.361267	
-0.397247	
-0.37558	
-0.379181	
-0.394135	
-0.356171	
-0.394623	
-0.392883	
-0.378357	
-0.378113	
-0.382416	
-0.398041	
-0.391357	
-0.392395	
-0.373108	
-0.378845	
-0.382568	
-0.371857	
-0.403534	
-0.376801	
-0.392395	
-0.37442	
-0.385284	
-0.387848	
-0.36908	
-0.378143	
-0.350464	
-0.383575	
-0.389252	
-0.39447	
-0.372498	
-0.378479	
-0.4039	
-0.383057	
-0.392914	
-0.393982	
-0.364441	
-0.384735	
-0.375641	
-0.390533	
-0.370148	
-0.390259	
-0.383118	
-0.395813	
-0.391724	
-0.373993	
-0.381866	
-0.36792	
-0.388397	
-0.385681	
-0.403229	
-0.389313	
-0.386688	
-0.383942	
-0.390564	
-0.397156	
-0.39505	
-0.382874	
-0.386932	
-0.353058	
-0.401886	
-0.378204	
-0.395721	
-0.378754	
-0.390289	
-0.369843	
-0.383728	
-0.408813	
-0.377716	
-0.38324	
-0.375793	
-0.399658	
-0.388641	
-0.380585	
-0.394409	
-0.392792	
-0.395996	
-0.392426	
-0.383514	
-0.398865	
-0.362366	
-0.395294	
-0.381165	
-0.410034	
-0.384827	
-0.382904	
-0.379303	
-0.388489	
-0.399902	
-0.378937	
-0.390472	
-0.385071	
-0.396332	
-0.39624	
-0.373962	
-0.379028	
-0.37915	
-0.412201	
-0.389587	
-0.361969	
-0.385071	
-0.368378	
-0.40094	
-0.370361	
-0.397308	
-0.369263	
-0.398529	
-0.404694	
-0.39563	
-0.396973	
-0.385742	
-0.387268	
-0.378021	
-0.380798	
-0.392792	
-0.396332	
-0.391327	
-0.362396	
-0.397156	
-0.395447	
-0.374329	
-0.384521	
-0.367737	
-0.407196	
-0.384888	
-0.38562	
-0.381653	
-0.397949	
-0.385284	
-0.398041	
-0.423096	
-0.38678	
-0.378174	
-0.373383	
-0.38916	
-0.391846	
-0.381897	
-0.393341	
-0.375641	
-0.38205	
-0.392456	
-0.378662	
-0.377136	
-0.36319	
-0.397461	
-0.374908	
-0.391449	
-0.380402	
-0.375824	
-0.388245	
-0.392242	
-0.407806	
-0.382599	
-0.380676	
-0.369507	
-0.383545	
-0.391449	
-0.37677	
-0.377655	
-0.370483	
-0.379089	
-0.378571	
-0.381897	
-0.380127	
-0.355438	
-0.40451	
-0.385773	
-0.383331	
-0.36261	
-0.377411	
-0.383728	
-0.3862	
-0.416199	
-0.386444	
-0.384186	
-0.370819	
-0.384247	
-0.386536	
-0.375122	
-0.39093	
-0.37735	
-0.380676	
-0.394989	
-0.384399	
-0.389557	
-0.366058	
-0.397644	
-0.369751	
-0.400482	
-0.384613	
-0.386505	
-0.395538	
-0.380676	
-0.409851	
-0.386627	
-0.391357	
-0.388397	
-0.385773	
-0.399445	
-0.388672	
-0.386719	
-0.368927	
-0.386017	
-0.401184	
-0.387543	
-0.411316	
-0.376312	
-0.397888	
-0.373199	
-0.386292	
-0.38446	
-0.399872	
-0.393433	
-0.370544	
-0.410858	
-0.38858	
-0.380981	
-0.388947	
-0.39621	
-0.400604	
-0.386444	
-0.393188	
-0.369659	
-0.381165	
-0.409393	
-0.391083	
-0.414154	
-0.389313	
-0.399017	
-0.364014	
-0.398163	
-0.396149	
-0.384033	
-0.379578	
-0.371277	
-0.4104	
-0.400055	
-0.383728	
-0.383636	
-0.39386	
-0.398529	
-0.386078	
-0.400604	
-0.373596	
-0.375488	
-0.404266	
-0.394165	
-0.412842	
-0.38739	
-0.400391	
-0.38562	
-0.392273	
-0.372314	
-0.384735	
-0.398926	
-0.360962	
-0.386871	
-0.396667	
-0.401337	
-0.399841	
-0.382477	
-0.39975	
-0.394745	
-0.401947	
-0.388947	
-0.388641	
-0.385345	
-0.391083	
-0.423065	
-0.390442	
-0.400879	
-0.37442	
-0.393707	
-0.399384	
-0.38501	
-0.380676	
-0.348663	
-0.385681	
-0.397217	
-0.402252	
-0.38147	
-0.379822	
-0.405731	
-0.391663	
-0.400909	
-0.389648	
-0.382202	
-0.381866	
-0.376831	
-0.419495	
-0.385529	
-0.393402	
-0.377533	
-0.396484	
-0.394989	
-0.390259	
-0.396912	
-0.357605	
-0.383453	
-0.378265	
-0.395752	
-0.401917	
-0.399109	
-0.391846	
-0.391357	
-0.404297	
-0.379242	
-0.37149	
-0.397125	
-0.377655	
-0.403961	
-0.381927	
-0.390747	
-0.382935	
-0.394073	
-0.387024	
-0.389954	
-0.40976	
-0.366638	
-0.381866	
-0.38504	
-0.404449	
-0.392151	
-0.391785	
-0.402924	
-0.391632	
-0.401367	
-0.403015	
-0.367035	
-0.39212	
-0.376343	
-0.395721	
-0.380219	
-0.410248	
-0.377777	
-0.397766	
-0.389557	
-0.383148	
-0.408905	
-0.38028	
-0.392395	
-0.40387	
-0.40799	
-0.394287	
-0.402191	
-0.395813	
-0.391602	
-0.414978	
-0.402496	
-0.383392	
-0.400665	
-0.369812	
-0.40213	
-0.387634	
-0.412781	
-0.38739	
-0.398468	
-0.3974	
-0.400177	
-0.403595	
-0.397858	
-0.396088	
-0.382233	
-0.412079	
-0.406311	
-0.374847	
-0.398132	
-0.383575	
-0.398438	
-0.41507	
-0.396698	
-0.389893	
-0.376343	
-0.404114	
-0.384766	
-0.409973	
-0.377197	
-0.391327	
-0.403473	
-0.395996	
-0.40918	
-0.39267	
-0.387238	
-0.381317	
-0.39447	
-0.405457	
-0.388458	
-0.39389	
-0.389343	
-0.402954	
-0.384186	
-0.385803	
-0.405029	
-0.362488	
-0.399292	
-0.390747	
-0.405548	
-0.385345	
-0.395844	
-0.393158	
-0.381317	
-0.421661	
-0.413147	
-0.398224	
-0.374969	
-0.385773	
-0.398346	
-0.380005	
-0.393433	
-0.391235	
-0.391632	
-0.387573	
-0.382416	
-0.411102	
-0.376068	
-0.385864	
-0.379333	
-0.403625	
-0.391388	
-0.391602	
-0.391296	
-0.388092	
-0.410736	
-0.389313	
-0.391022	
-0.383392	
-0.393707	
-0.396545	
-0.398529	
-0.393372	
-0.376587	
-0.391205	
-0.406464	
-0.392609	
-0.400513	
-0.370087	
-0.401184	
-0.391296	
-0.408569	
-0.379547	
-0.381134	
-0.398071	
-0.384003	
-0.409576	
-0.388885	
-0.399536	
-0.38739	
-0.386322	
-0.387177	
-0.396912	
-0.411255	
-0.383636	
-0.384033	
-0.404572	
-0.388031	
-0.398071	
-0.373413	
-0.412079	
-0.386353	
-0.392914	
-0.377014	
-0.400818	
-0.390472	
-0.367065	
-0.418335	
-0.401794	
-0.399841	
-0.379547	
-0.382599	
-0.404114	
-0.392029	
-0.3927	
-0.380554	
-0.382141	
-0.404877	
-0.401764	
-0.41568	
-0.377533	
-0.406158	
-0.37851	
-0.404358	
-0.393188	
-0.387421	
-0.390411	
-0.387207	
-0.414246	
-0.396027	
-0.397675	
-0.386627	
-0.388489	
-0.411621	
-0.39444	
-0.398468	
-0.387634	
-0.401733	
-0.411102	
-0.38797	
-0.420776	
-0.380798	
-0.400696	
-0.383484	
-0.402191	
-0.386139	
-0.389008	
-0.396667	
-0.361938	
-0.394592	
-0.406982	
-0.389679	
-0.393127	
-0.393311	
-0.400696	
-0.386261	
-0.391968	
-0.379181	
-0.396484	
-0.401978	
-0.390472	
-0.423004	
-0.382446	
-0.39624	
-0.376312	
-0.393768	
-0.391724	
-0.381714	
-0.381897	
-0.369202	
-0.397736	
-0.388	
-0.383392	
-0.375183	
-0.385193	
-0.395844	
-0.389252	
-0.400543	
-0.386108	
-0.390411	
-0.391449	
-0.384369	
-0.41153	
-0.385712	
-0.393829	
-0.379486	
-0.388397	
-0.378113	
-0.384308	
-0.401031	
-0.359283	
-0.382538	
-0.38913	
-0.394226	
-0.379059	
-0.389099	
-0.400818	
-0.382538	
-0.403473	
-0.394348	
-0.378571	
-0.388123	
-0.387024	
-0.403503	
-0.373779	
-0.402679	
-0.387726	
-0.382507	
-0.388214	
-0.383026	
-0.388885	
-0.354584	
-0.391571	
-0.394989	
-0.398102	
-0.379883	
-0.386963	
-0.394653	
-0.380829	
-0.400238	
-0.390442	
-0.376801	
-0.391724	
-0.375366	
-0.407684	
-0.380737	
-0.392761	
-0.374268	
-0.401245	
-0.385956	
-0.369812	
-0.393738	
-0.370941	
-0.391266	
-0.381958	
-0.389282	
-0.385956	
-0.382813	
-0.388763	
-0.379761	
-0.395569	
-0.397491	
-0.388458	
-0.387756	
-0.351624	
-0.389282	
-0.382965	
-0.415894	
-0.385742	
-0.38385	
-0.387207	
-0.397919	
-0.402557	
-0.371796	
-0.381409	
-0.390076	
-0.411133	
-0.403229	
-0.378296	
-0.380646	
-0.388763	
-0.397766	
-0.389954	
-0.382813	
-0.39328	
-0.359039	
-0.395691	
-0.391479	
-0.408112	
-0.374512	
-0.391113	
-0.39212	
-0.398346	
-0.407715	
-0.387268	
-0.386292	
-0.38324	
-0.382202	
-0.390839	
-0.395966	
-0.389465	
-0.382874	
-0.410858	
-0.389893	
-0.369537	
-0.38678	
-0.371002	
-0.396088	
-0.387848	
-0.40448	
-0.373657	
-0.387512	
-0.385895	
-0.383698	
-0.412659	
-0.3992	
-0.386963	
-0.373199	
-0.391052	
-0.397125	
-0.374512	
-0.396423	
-0.381348	
-0.38385	
-0.390808	
-0.386993	
-0.382202	
-0.36731	
-0.395416	
-0.384338	
-0.402496	
-0.375732	
-0.380554	
-0.385406	
-0.375	
-0.419128	
-0.38147	
-0.37262	
-0.372803	
-0.393372	
-0.388733	
-0.371918	
-0.383667	
-0.364349	
-0.387482	
-0.401276	
-0.381836	
-0.394196	
-0.369385	
-0.393036	
-0.37561	
-0.395782	
-0.381561	
-0.383789	
-0.393311	
-0.381134	
-0.407684	
-0.37854	
-0.382263	
-0.367218	
-0.379486	
-0.384888	
-0.380646	
-0.381256	
-0.37677	
-0.378754	
-0.400085	
-0.385162	
-0.390411	
-0.366821	
-0.40036	
-0.382935	
-0.402252	
-0.379211	
-0.374756	
-0.388214	
-0.388611	
-0.409546	
-0.384003	
-0.387695	
-0.373169	
-0.38031	
-0.38858	
-0.388641	
-0.381989	
-0.37384	
-0.390289	
-0.400665	
-0.379181	
-0.416931	
-0.371124	
-0.383728	
-0.369141	
-0.398163	
-0.375732	
-0.38974	
-0.391235	
-0.36908	
-0.392029	
-0.386078	
-0.403259	
-0.382721	
-0.373352	
-0.393219	
-0.386475	
-0.381866	
-0.375153	
-0.394073	
-0.403534	
-0.380646	
-0.424103	
-0.384064	
-0.391693	
-0.359314	
-0.390961	
-0.383453	
-0.391724	
-0.384857	
-0.368988	
-0.400421	
-0.385895	
-0.383606	
-0.372681	
-0.378174	
-0.401428	
-0.391296	
-0.400513	
-0.376984	
-0.377686	
-0.399933	
-0.384552	
-0.409546	
-0.379181	
-0.390991	
-0.364349	
-0.398529	
-0.396088	
-0.38385	
-0.384399	
-0.363556	
-0.392242	
-0.385437	
-0.379883	
-0.386475	
-0.391754	
-0.395508	
-0.371857	
-0.395172	
-0.383942	
-0.388611	
-0.397614	
-0.384247	
-0.412476	
-0.3815	
-0.381165	
-0.379578	
-0.392639	
-0.37854	
-0.37677	
-0.38562	
-0.358185	
-0.388245	
-0.390717	
-0.394714	
-0.381989	
-0.379181	
-0.401855	
-0.391846	
-0.39035	
-0.38736	
-0.380524	
-0.377625	
-0.373718	
-0.408661	
-0.380249	
-0.385712	
-0.373871	
-0.388824	
-0.386261	
-0.3797	
-0.377686	
-0.360382	
-0.38681	
-0.382172	
-0.391693	
-0.38205	
-0.375336	
-0.377258	
-0.386627	
-0.398193	
-0.383057	
-0.362488	
-0.376373	
-0.365997	
-0.403015	
-0.383881	
-0.39212	
-0.364532	
-0.379944	
-0.38327	
-0.388306	
-0.401764	
-0.372192	
-0.388306	
-0.380188	
-0.391541	
-0.393494	
-0.387024	
-0.396576	
-0.392303	
-0.391357	
-0.382172	
-0.384674	
-0.391327	
-0.363464	
-0.403564	
-0.383179	
-0.400909	
-0.370697	
-0.390015	
-0.389404	
-0.385803	
-0.400055	
-0.377045	
-0.388611	
-0.397583	
-0.398438	
-0.389496	
-0.387329	
-0.401733	
-0.378052	
-0.38855	
-0.391235	
-0.383392	
-0.391296	
-0.364319	
-0.398987	
-0.385681	
-0.401123	
-0.37793	
-0.397705	
-0.388336	
-0.381287	
-0.399567	
-0.394684	
-0.392578	
-0.392426	
-0.396851	
-0.388611	
-0.376404	
-0.395264	
-0.378418	
-0.39447	
-0.397583	
-0.382874	
-0.386871	
-0.367859	
-0.400665	
-0.379669	
-0.406006	
-0.388245	
-0.397339	
-0.395782	
-0.391693	
-0.411316	
-0.398346	
-0.379272	
-0.382874	
-0.406982	
-0.406158	
-0.388428	
-0.388733	
-0.375732	
-0.392059	
-0.396484	
-0.384186	
-0.3862	
-0.368439	
-0.391846	
-0.392883	
-0.404022	
-0.373566	
-0.391205	
-0.400299	
-0.388733	
-0.409637	
-0.398254	
-0.397308	
-0.386383	
-0.393799	
-0.406494	
-0.389557	
-0.392487	
-0.380859	
-0.397369	
-0.399658	
-0.394836	
-0.393646	
-0.376099	
-0.393951	
-0.374664	
-0.3992	
-0.394318	
-0.391541	
-0.384705	
-0.372253	
-0.416168	
-0.399811	
-0.384979	
-0.366669	
-0.387604	
-0.401184	
-0.386871	
-0.394135	
-0.374268	
-0.386047	
-0.396057	
-0.378693	
-0.396179	
-0.37262	
-0.395813	
-0.379547	
-0.405365	
-0.389374	
-0.382568	
-0.382568	
-0.375671	
-0.416718	
-0.386658	
-0.389038	
-0.387299	
-0.384918	
-0.375031	
-0.386078	
-0.399841	
-0.379425	
-0.385376	
-0.410095	
-0.380157	
-0.400299	
-0.383331	
-0.398071	
-0.377075	
-0.406555	
-0.388824	
-0.383331	
-0.390045	
-0.37381	
-0.399292	
-0.394897	
-0.392792	
-0.37851	
-0.382996	
-0.388611	
-0.387848	
-0.389954	
-0.387054	
-0.392853	
-0.400879	
-0.388641	
-0.403992	
-0.372742	
-0.399475	
-0.384735	
-0.416412	
-0.402954	
-0.390015	
-0.384399	
-0.379425	
-0.404663	
-0.396179	
-0.387848	
-0.382355	
-0.394501	
-0.405945	
-0.401794	
-0.397217	
-0.371918	
-0.389252	
-0.411682	
-0.395996	
-0.419617	
-0.393127	
-0.410065	
-0.382324	
-0.40036	
-0.389038	
-0.384705	
-0.391296	
-0.381073	
-0.406738	
-0.388641	
-0.4021	
-0.387146	
-0.37973	
-0.408691	
-0.394104	
-0.399872	
-0.393402	
-0.387024	
-0.392883	
-0.396149	
-0.414185	
-0.385071	
-0.402649	
-0.381531	
-0.405304	
-0.401672	
-0.384186	
-0.379669	
-0.36496	
-0.402588	
-0.387024	
-0.39389	
-0.397614	
-0.386536	
-0.399719	
-0.396484	
-0.400391	
-0.383392	
-0.396942	
-0.400391	
-0.387604	
-0.417938	
-0.392517	
-0.387421	
-0.374359	
-0.397736	
-0.389893	
-0.374725	
-0.397491	
-0.38559	
-0.403473	
-0.375946	
-0.390564	
-0.396942	
-0.390625	
-0.400726	
-0.39917	
-0.400513	
-0.390808	
-0.373108	
-0.395721	
-0.375183	
-0.402283	
-0.389252	
-0.399231	
-0.381378	
-0.38327	
-0.385132	
-0.391968	
-0.394165	
-0.364014	
-0.387451	
-0.404755	
-0.409607	
-0.390991	
-0.386627	
-0.39505	
-0.397339	
-0.401978	
-0.396057	
-0.384949	
-0.399506	
-0.37738	
-0.404083	
-0.382935	
-0.400635	
-0.382538	
-0.391418	
-0.391876	
-0.390411	
-0.391144	
-0.37558	
-0.397552	
-0.395477	
-0.406982	
-0.385193	
-0.394623	
-0.406799	
-0.390869	
-0.393463	
-0.390991	
-0.380524	
-0.396973	
-0.376038	
-0.41037	
-0.383789	
-0.395599	
-0.369202	
-0.394135	
-0.387726	
-0.391052	
-0.397919	
-0.381927	
-0.397217	
-0.387451	
-0.401245	
-0.404175	
-0.38092	
-0.384705	
-0.386597	
-0.40741	
-0.390564	
-0.391449	
-0.394958	
-0.367371	
-0.40744	
-0.386597	
-0.408478	
-0.384735	
-0.397858	
-0.39679	
-0.395874	
-0.415009	
-0.390381	
-0.389374	
-0.394257	
-0.408142	
-0.404755	
-0.389526	
-0.398376	
-0.38269	
-0.409363	
-0.406891	
-0.392059	
-0.395264	
-0.367004	
-0.400909	
-0.397186	
-0.408752	
-0.376282	
-0.394653	
-0.394318	
-0.384949	
-0.415466	
-0.401306	
-0.390686	
-0.396729	
-0.394531	
-0.388123	
-0.385254	
-0.396423	
-0.388885	
-0.396088	
-0.386108	
-0.386627	
-0.394836	
-0.364044	
-0.396515	
-0.388428	
-0.406097	
-0.38678	
-0.384338	
-0.387085	
-0.39032	
-0.402954	
-0.388367	
-0.385925	
-0.37439	
-0.387543	
-0.387939	
-0.37735	
-0.397156	
-0.386383	
-0.391144	
-0.401672	
-0.387939	
-0.386993	
-0.369598	
-0.389954	
-0.382324	
	
