E:\DOCUMENTS AND SETTINGS\JPOTAS\MEUS DOCUMENTOS\UFRJ\RSCI-BM 12 WK SERIES\070806-RSCI-BM-16\RSCI-BM-16-LSN\070806-RSCI-BM-16-LSN-0038.ACQ
0.025000 msec/sample
1 channel
Analog input
Volts
CH1	
2000	
-0.390991	
-0.387848	
-0.383331	
-0.402405	
-0.39859	
-0.375244	
-0.386139	
-0.397125	
-0.379028	
-0.39035	
-0.386169	
-0.39035	
-0.401917	
-0.388611	
-0.366577	
-0.394257	
-0.386932	
-0.384308	
-0.393768	
-0.388733	
-0.391388	
-0.403809	
-0.388672	
-0.384979	
-0.407806	
-0.392365	
-0.39328	
-0.396759	
-0.386261	
-0.378601	
-0.403229	
-0.392944	
-0.394501	
-0.394104	
-0.384521	
-0.374878	
-0.415436	
-0.386139	
-0.365723	
-0.392334	
-0.404694	
-0.395813	
-0.389191	
-0.392456	
-0.385284	
-0.406891	
-0.402374	
-0.379944	
-0.383972	
-0.391785	
-0.386505	
-0.395752	
-0.387848	
-0.396362	
-0.389862	
-0.396973	
-0.3862	
-0.397675	
-0.384827	
-0.380676	
-0.393158	
-0.400696	
-0.397095	
-0.389709	
-0.389435	
-0.39621	
-0.394653	
-0.384491	
-0.396088	
-0.405334	
-0.389862	
-0.371307	
-0.399597	
-0.387115	
-0.391327	
-0.38324	
-0.389587	
-0.386078	
-0.419922	
-0.398895	
-0.365295	
-0.380524	
-0.404388	
-0.380554	
-0.390106	
-0.401855	
-0.397003	
-0.397003	
-0.389374	
-0.386536	
-0.395844	
-0.405884	
-0.381226	
-0.392761	
-0.391327	
-0.394135	
-0.385651	
-0.392578	
-0.385406	
-0.401031	
-0.393402	
-0.382629	
-0.379486	
-0.38797	
-0.383911	
-0.396881	
-0.386871	
-0.39447	
-0.402893	
-0.398102	
-0.405426	
-0.400238	
-0.382355	
-0.38266	
-0.399384	
-0.390656	
-0.38028	
-0.374176	
-0.38739	
-0.391876	
-0.410156	
-0.384338	
-0.374542	
-0.374451	
-0.388397	
-0.404449	
-0.405731	
-0.384705	
-0.374054	
-0.376953	
-0.402405	
-0.407867	
-0.395752	
-0.38559	
-0.374878	
-0.390442	
-0.395264	
-0.388641	
-0.383911	
-0.398346	
-0.386536	
-0.395477	
-0.387848	
-0.383514	
-0.389526	
-0.384949	
-0.391541	
-0.387817	
-0.378967	
-0.39325	
-0.387421	
-0.39035	
-0.396545	
-0.40155	
-0.379578	
-0.373047	
-0.397552	
-0.385834	
-0.377136	
-0.38736	
-0.392456	
-0.384644	
-0.396729	
-0.399506	
-0.386993	
-0.392242	
-0.389496	
-0.386047	
-0.391663	
-0.397797	
-0.392426	
-0.383514	
-0.393921	
-0.397339	
-0.393982	
-0.387695	
-0.378571	
-0.394165	
-0.388733	
-0.382721	
-0.388733	
-0.384125	
-0.378571	
-0.394958	
-0.405212	
-0.390442	
-0.382263	
-0.395386	
-0.396118	
-0.381561	
-0.387848	
-0.375458	
-0.388153	
-0.411285	
-0.398468	
-0.383698	
-0.394348	
-2.65079	
-2.52817	
-1.3067	
-0.878235	
-0.730225	
-0.671478	
2.64249	
1.45486	
0.303497	
-0.0793152	
-0.209961	
-0.279053	
-0.301208	
-0.309113	
-0.339325	
-0.327362	
-0.345825	
-0.375061	
-0.361694	
-0.351959	
-0.366669	
-0.350281	
-0.365112	
-0.373688	
-0.373474	
-0.360321	
-0.364319	
-0.358093	
-0.376923	
-0.386902	
-0.370941	
-0.341766	
-0.327271	
-0.335876	
-0.331238	
-0.321442	
-0.279907	
-0.254578	
-0.245667	
-0.25351	
-0.278015	
-0.337463	
-0.369141	
-0.40799	
-0.43161	
-0.449097	
-0.457886	
-0.49292	
-0.469635	
-0.441528	
-0.426086	
-0.385468	
-0.363831	
-0.355469	
-0.364044	
-0.367218	
-0.38092	
-0.388763	
-0.390717	
-0.386719	
-0.402679	
-0.430603	
-0.465607	
-0.461121	
-0.490997	
-0.498383	
-0.525421	
-0.52478	
-0.533295	
-0.522125	
-0.534454	
-0.542755	
-0.513763	
-0.490387	
-0.483398	
-0.459045	
-0.434479	
-0.418549	
-0.401917	
-0.391541	
-0.364441	
-0.351318	
-0.361572	
-0.375397	
-0.332367	
-0.334076	
-0.356293	
-0.371796	
-0.359589	
-0.376709	
-0.374207	
-0.375549	
-0.392303	
-0.386383	
-0.376495	
-0.398285	
-0.394379	
-0.37851	
-0.389404	
-0.398499	
-0.386078	
-0.379974	
-0.390381	
-0.396698	
-0.402008	
-0.383942	
-0.379272	
-0.376831	
-0.389771	
-0.38562	
-0.386597	
-0.387207	
-0.395416	
-0.388123	
-0.377289	
-0.387421	
-0.387238	
-0.380768	
-0.387054	
-0.386932	
-0.376099	
-0.370728	
-0.370636	
-0.375519	
-0.394226	
-0.390045	
-0.363312	
-0.368439	
-0.375061	
-0.39267	
-0.380493	
-0.38269	
-0.377502	
-0.372772	
-0.381775	
-0.392273	
-0.39502	
-0.393494	
-0.380859	
-0.377441	
-0.388123	
-0.395752	
-0.373047	
-0.381866	
-0.385986	
-0.381989	
-0.393951	
-0.372864	
-0.375671	
-0.378876	
-0.384766	
-0.363129	
-0.378571	
-0.379303	
-0.360107	
-0.382904	
-0.38443	
-0.384125	
-0.390717	
-0.371399	
-0.370636	
-0.391815	
-0.381287	
-0.371765	
-0.388153	
-0.372223	
-0.360291	
-0.387329	
-0.371521	
-0.38385	
-0.39743	
-0.372864	
-0.358948	
-0.3974	
-0.384674	
-0.354889	
-0.379883	
-0.392426	
-0.387451	
-0.396515	
-0.380707	
-0.370667	
-0.396027	
-0.392395	
-0.378265	
-0.380524	
-0.392914	
-0.37442	
-0.383972	
-0.387604	
-0.384613	
-0.377045	
-0.385925	
-0.379944	
-0.389954	
-0.372314	
-0.369751	
-0.3815	
-0.393494	
-0.389099	
-0.38385	
-0.383545	
-0.387604	
-0.391083	
-0.373535	
-0.378052	
-0.387207	
-0.379333	
-0.364166	
-0.38916	
-0.390411	
-0.383179	
-0.373535	
-0.375763	
-0.370483	
-0.398926	
-0.383057	
-0.366333	
-0.379425	
-0.39624	
-0.382172	
-0.369598	
-0.378021	
-0.3909	
-0.395264	
-0.385162	
-0.383942	
-0.391968	
-0.373779	
-0.348877	
-0.383118	
-0.38855	
-0.387177	
-0.374268	
-0.383331	
-0.369263	
-0.389862	
-0.386719	
-0.378143	
-0.387726	
-0.377594	
-0.380615	
-0.383667	
-0.371063	
-0.369568	
-0.381165	
-0.38205	
-0.376343	
-0.373199	
-0.363434	
-0.362762	
-0.396118	
-0.378357	
-0.376129	
-0.365753	
-0.371094	
-0.375366	
-0.393463	
-0.384125	
-0.377441	
-0.35968	
-0.36676	
-0.392212	
-0.399841	
-0.383087	
-0.377197	
-0.356689	
-0.384064	
-0.398987	
-0.379059	
-0.375061	
-0.358887	
-0.369141	
-0.370117	
-0.370361	
-0.375031	
-0.392914	
-0.378113	
-0.372986	
-0.376404	
-0.379639	
-0.377563	
-0.383453	
-0.382233	
-0.388245	
-0.38974	
-0.382355	
-0.379059	
-0.37561	
-0.386383	
-0.391541	
-0.372437	
-0.358643	
-0.384644	
-0.383942	
-0.363647	
-0.367432	
-0.388214	
-0.384735	
-0.386749	
-0.383545	
-0.382355	
-0.378845	
-0.376038	
-0.376953	
-0.379669	
-0.389862	
-0.379486	
-0.382324	
-0.39209	
-0.38266	
-0.372711	
-0.371826	
-0.377502	
-0.381256	
-0.375122	
-0.380402	
-0.3862	
-0.387726	
-0.362183	
-0.380402	
-0.397949	
-0.390747	
-0.382446	
-0.377289	
-0.385742	
-0.386292	
-0.379272	
-0.363647	
-0.373291	
-0.397522	
-0.387909	
-0.379608	
-0.387115	
-0.375977	
-0.372437	
-0.381805	
-0.381073	
-0.369904	
-0.390259	
-0.386963	
-0.373993	
-0.396942	
-0.391663	
-0.387024	
-0.394958	
-0.390289	
-0.382019	
-0.377686	
-0.367493	
-0.380371	
-0.396301	
-0.387573	
-0.385895	
-0.386536	
-0.363983	
-0.387177	
-0.384766	
-0.387329	
-0.395233	
-0.387726	
-0.367462	
-0.382568	
-0.392944	
-0.401733	
-0.389252	
-0.364777	
-0.374298	
-0.385162	
-0.395599	
-0.39679	
-0.377228	
-0.374146	
-0.387512	
-0.38385	
-0.404175	
-0.394165	
-0.379517	
-0.378723	
-0.374634	
-0.374786	
-0.401062	
-0.393433	
-0.382172	
-0.395081	
-0.385986	
-0.377838	
-0.383301	
-0.3862	
-0.380585	
-0.392944	
-0.386108	
-0.385498	
-0.375122	
-0.374725	
-0.395172	
-0.409821	
-0.384552	
-0.385284	
-0.386047	
-0.39325	
-0.389618	
-0.389862	
-0.373505	
-0.395447	
-0.410889	
-0.387512	
-0.377411	
-0.388947	
-0.399963	
-0.377228	
-0.379242	
-0.380463	
-0.388458	
-0.389893	
-0.378235	
-0.389679	
-0.415558	
-0.3815	
-0.378998	
-0.379181	
-0.39801	
-0.381775	
-0.390839	
-0.390686	
-0.384003	
-0.393463	
-0.391205	
-0.389099	
-0.38858	
-0.390076	
-0.382202	
-0.394745	
-0.399536	
-0.37738	
-0.380951	
-0.398376	
-0.402222	
-0.411041	
-0.393738	
-0.39093	
-0.378876	
-0.398407	
-0.387726	
-0.384399	
-0.386078	
-0.392883	
-0.388336	
-0.387238	
-0.390991	
-0.386902	
-0.391968	
-0.400452	
-0.398102	
-0.386688	
-0.375488	
-0.377869	
-0.394867	
-0.412109	
-0.410889	
-0.382141	
-0.388184	
-0.389954	
-0.393829	
-0.390625	
-0.399323	
-0.389648	
-0.365112	
-0.373413	
-0.399963	
-0.403687	
-0.40686	
-0.378418	
-0.37381	
-0.39856	
-0.398926	
-0.387268	
-0.386169	
-0.38443	
-0.394409	
-0.407867	
-0.395386	
-0.392883	
-0.393219	
-0.388031	
-0.363586	
-0.386444	
-0.386322	
-0.380951	
-0.387482	
-0.389252	
-0.3974	
-0.403259	
-0.391602	
-0.393066	
-0.399292	
-0.384888	
-0.378357	
-0.401154	
-0.395721	
-0.385345	
-0.395721	
-0.380798	
-0.395294	
-0.406891	
-0.393219	
-0.366577	
-0.404083	
-0.39093	
-0.368164	
-0.387665	
-0.390472	
-0.400665	
-0.415894	
-0.398712	
-0.379791	
-0.394867	
-0.406891	
-0.387512	
-0.392059	
-0.399353	
-0.382141	
-0.397278	
-0.394012	
-0.394775	
-0.380096	
-0.393097	
-0.378479	
-0.397552	
-0.391693	
-0.38028	
-0.393005	
-0.393311	
-0.410522	
-0.400299	
-0.390839	
-0.397705	
-0.401733	
-0.398438	
-0.398438	
-0.397491	
-0.385986	
-0.368866	
-0.406616	
-0.403229	
-0.394348	
-0.387848	
-0.388306	
-0.37973	
-0.405914	
-0.395111	
-0.375885	
-0.395294	
-0.413635	
-0.39447	
-0.388885	
-0.410126	
-0.408661	
-0.382599	
-0.387817	
-0.40506	
-0.409454	
-0.40152	
-0.370483	
-0.387268	
-0.396454	
-0.397552	
-0.389923	
-0.394287	
-0.383484	
-0.403137	
-0.396454	
-0.386536	
-0.375366	
-0.390747	
-0.404358	
-0.414368	
-0.403992	
-0.3862	
-0.394562	
-0.403778	
-0.406006	
-0.388428	
-0.373657	
-0.374786	
-0.401886	
-0.398834	
-0.396881	
-0.381042	
-0.390594	
-0.384308	
-0.394684	
-0.394257	
-0.394226	
-0.375916	
-0.378357	
-0.401276	
-0.403076	
-0.406342	
-0.391754	
-0.385376	
-0.388336	
-0.396088	
-0.399445	
-0.38324	
-0.378235	
-0.397217	
-0.383057	
-0.386475	
-0.382843	
-0.407196	
-0.402161	
-0.395538	
-0.390411	
-0.390167	
-0.38913	
-0.384735	
-0.387787	
-0.388885	
-0.395294	
-0.40329	
-0.390991	
-0.380646	
-0.384918	
-0.401428	
-0.384155	
-0.370667	
-0.401733	
-0.393158	
-0.386597	
-0.382111	
-0.401733	
-0.396362	
-0.397858	
-0.413849	
-0.393738	
-0.385162	
-0.386688	
-0.388031	
-0.39151	
-0.401459	
-0.400604	
-0.393402	
-0.393982	
-0.394684	
-0.388458	
-0.383392	
-0.38623	
-0.401306	
-0.381958	
-0.378906	
-0.400024	
-0.411346	
-0.381805	
-0.387482	
-0.406128	
-0.390961	
-0.386139	
-0.397888	
-0.38797	
-0.384888	
-0.399567	
-0.387421	
-0.379333	
-0.397888	
-0.401337	
-0.391846	
-0.396606	
-0.392944	
-0.369202	
-0.384949	
-0.39502	
-0.392731	
-0.412842	
-0.393188	
-0.390411	
-0.397552	
-0.383331	
-0.385193	
-0.381561	
-0.389343	
-0.382416	
-0.39389	
-0.378326	
-0.380493	
-0.393707	
-0.387817	
-0.392792	
-0.388184	
-0.37619	
-0.384552	
-0.393524	
-0.386414	
-0.402679	
-0.410431	
-0.388763	
-0.387268	
-0.396301	
-0.396912	
-0.396606	
-0.372375	
-0.378265	
-0.376495	
-0.387939	
-0.395599	
-0.380798	
-0.379333	
-0.379852	
-0.374695	
-0.391449	
-0.396149	
-0.394318	
-0.38562	
-0.385742	
-0.373322	
-0.407867	
-0.40329	
-0.385132	
-0.392792	
-0.392212	
-0.382538	
-0.372803	
-0.378906	
-0.384338	
-0.388702	
-0.382263	
-0.382294	
-0.373383	
-0.375488	
-0.386749	
-0.406281	
-0.374939	
-0.387115	
-0.381744	
-0.384247	
-0.379425	
-0.38327	
-0.371948	
-0.379517	
-0.397217	
-0.38382	
-0.373199	
-0.381165	
-0.385284	
-0.376495	
-0.381409	
-0.374512	
-0.379517	
-0.38559	
-0.383606	
-0.381958	
-0.402374	
-0.385376	
-0.382568	
-0.380096	
-0.383575	
-0.371185	
-0.390472	
-0.38916	
-0.379059	
-0.374329	
-0.376251	
-0.381622	
-0.388824	
-0.38028	
-0.363129	
-0.383575	
-0.38382	
-0.374268	
-0.372925	
-0.381836	
-0.387238	
-0.394989	
-0.396301	
-0.386414	
-0.363251	
-0.381989	
-0.374756	
-0.391876	
-0.385712	
-0.380646	
-0.374359	
-0.383026	
-0.375977	
-0.365875	
-0.377136	
-0.391754	
-0.394653	
-0.371613	
-0.363953	
-0.367889	
-0.381866	
-0.398102	
-0.394226	
-0.37561	
-0.389984	
-0.382416	
-0.384857	
-0.358978	
-0.382599	
-0.386658	
-0.365509	
-0.375061	
-0.373291	
-0.384399	
-0.397369	
-0.379333	
-0.375793	
-0.376434	
-0.384491	
-0.388214	
-0.382935	
-0.376282	
-0.377075	
-0.390503	
-0.380585	
-0.390686	
-0.381744	
-0.383179	
-0.36499	
-0.371613	
-0.382599	
-0.370117	
-0.380737	
-0.379791	
-0.377777	
-0.386719	
-0.371002	
-0.379242	
-0.390137	
-0.386017	
-0.380127	
-0.37912	
-0.378235	
-0.376587	
-0.397827	
-0.371552	
-0.371765	
-0.387451	
-0.384766	
-0.364563	
-0.387634	
-0.386078	
-0.378357	
-0.382111	
-0.375946	
-0.379333	
-0.392914	
-0.382233	
-0.375977	
-0.392426	
-0.3909	
-0.377075	
-0.376404	
-0.384918	
-0.368073	
-0.37793	
-0.388031	
-0.38913	
-0.376587	
-0.378784	
-0.367065	
-0.386749	
-0.374786	
-0.381256	
-0.380798	
-0.386719	
-0.393219	
-0.389465	
-0.379852	
-0.372162	
-0.377655	
-0.384186	
-0.387238	
-0.385101	
-0.371674	
-0.355743	
-0.38092	
-0.381622	
-0.374176	
-0.369598	
-0.382629	
-0.371124	
-0.384583	
-0.379761	
-0.371002	
-0.373901	
-0.385223	
-0.383148	
-0.373749	
-0.393585	
-0.390808	
-0.383148	
-0.386292	
-0.376923	
-0.373627	
-0.380798	
-0.364441	
-0.392395	
-0.389038	
-0.379395	
-0.373352	
-0.386658	
-0.370575	
-0.390961	
-0.398651	
-0.381531	
-0.375824	
-0.365173	
-0.370575	
-0.396881	
-0.391418	
-0.38028	
-0.382874	
-0.371216	
-0.37085	
-0.382233	
-0.369781	
-0.358307	
-0.391144	
-0.379272	
-0.385468	
-0.377197	
-0.38147	
-0.378113	
-0.392578	
-0.397827	
-0.38916	
-0.361694	
-0.371826	
-0.395599	
-0.393341	
-0.394714	
-0.389038	
-0.370575	
-0.38678	
-0.394318	
-0.373932	
-0.371216	
-0.360229	
-0.383881	
-0.383087	
-0.369812	
-0.365692	
-0.395477	
-0.385345	
-0.391357	
-0.390015	
-0.380737	
-0.377319	
-0.386719	
-0.38797	
-0.37854	
-0.386963	
-0.387939	
-0.390869	
-0.375488	
-0.372131	
-0.385742	
-0.37207	
-0.364166	
-0.389679	
-0.386841	
-0.376617	
-0.373627	
-0.395905	
-0.37439	
-0.382202	
-0.386688	
-0.389374	
-0.386627	
-0.373627	
-0.377228	
-0.378662	
-0.393158	
-0.383301	
-0.375427	
-0.389618	
-0.391602	
-0.376495	
-0.362488	
-0.37146	
-0.390991	
-0.372253	
-0.375122	
-0.384308	
-0.400665	
-0.375183	
-0.380066	
-0.405212	
-0.384216	
-0.373627	
-0.382019	
-0.397125	
-0.379486	
-0.383118	
-0.391846	
-0.377747	
-0.382202	
-0.380371	
-0.38623	
-0.38681	
-0.371521	
-0.382507	
-0.375763	
-0.366425	
-0.362915	
-0.395477	
-0.389435	
-0.390533	
-0.402344	
-0.380676	
-0.381134	
-0.392822	
-0.385376	
-0.376678	
-0.394165	
-0.374878	
-0.371704	
-0.383911	
-0.388977	
-0.390625	
-0.387146	
-0.361847	
-0.377502	
-0.385803	
-0.375458	
-0.39267	
-0.388153	
-0.368744	
-0.378448	
-0.392242	
-0.397095	
-0.395721	
-0.370056	
-0.368225	
-0.376892	
-0.38858	
-0.391998	
-0.386139	
-0.387665	
-0.386292	
-0.377411	
-0.382935	
-0.390747	
-0.387421	
-0.387207	
-0.381256	
-0.361328	
-0.387756	
-0.404022	
-0.391815	
-0.384186	
-0.387939	
-0.384766	
-0.376495	
-0.385498	
-0.37146	
-0.389954	
-0.399933	
-0.386749	
-0.389587	
-0.377075	
-0.386566	
-0.406342	
-0.388763	
-0.37912	
-0.383911	
-0.392883	
-0.380615	
-0.395325	
-0.37912	
-0.378235	
-0.396362	
-0.39325	
-0.379669	
-0.37677	
-0.392578	
-0.382202	
-0.379974	
-0.385925	
-0.386505	
-0.39093	
-0.385681	
-0.394226	
-0.402954	
-0.383575	
-0.391663	
-0.385071	
-0.385742	
-0.374512	
-0.397003	
-0.390472	
-0.378662	
-0.398163	
-0.388336	
-0.376953	
-0.386353	
-0.395264	
-0.38858	
-0.388397	
-0.395294	
-0.388672	
-0.384033	
-0.388947	
-0.3909	
-0.407623	
-0.400116	
-0.404907	
-0.376312	
-0.384277	
-0.380188	
-0.385803	
-0.394501	
-0.388336	
-0.394897	
-0.396271	
-0.392151	
-0.374084	
-0.382324	
-0.39798	
-0.398468	
-0.384369	
-0.386658	
-0.369232	
-0.389832	
-0.41272	
-0.412964	
-0.387238	
-0.385468	
-0.388123	
-0.403687	
-0.388672	
-0.398041	
-0.375977	
-0.368317	
-0.392822	
-0.391541	
-0.386261	
-0.394745	
-0.387573	
-0.388855	
-0.395905	
-0.385559	
-0.399353	
-0.392548	
-0.391296	
-0.398224	
-0.386444	
-0.377289	
-0.390991	
-0.384216	
-0.407867	
-0.379028	
-0.381744	
-0.393433	
-0.392365	
-0.39151	
-0.393524	
-0.400421	
-0.394135	
-0.384277	
-0.386444	
-0.396637	
-0.393036	
-0.395142	
-0.404327	
-0.388947	
-0.386871	
-0.408417	
-0.38446	
-0.395172	
-0.397156	
-0.397491	
-0.369019	
-0.398193	
-0.394592	
-0.385376	
-0.400391	
-0.392853	
-0.395416	
-0.403076	
-0.392822	
-0.382172	
-0.396759	
-0.408386	
-0.391449	
-0.394501	
-0.401337	
-0.382416	
-0.391388	
-0.39035	
-0.399963	
-0.389954	
-0.400848	
-0.383728	
-0.391113	
-0.395813	
-0.39447	
-0.390411	
-0.394928	
-0.407959	
-0.410278	
-0.396027	
-0.393951	
-0.397827	
-0.391632	
-0.397797	
-0.399475	
-0.390015	
-0.378998	
-0.408234	
-0.398254	
-0.389404	
-0.394562	
-0.405426	
-0.376465	
-0.391235	
-0.410034	
-0.394836	
-0.390198	
-0.400299	
-0.40271	
-0.398132	
-0.404724	
-0.39386	
-0.397278	
-0.407135	
-0.40564	
-0.392181	
-0.387634	
-0.376343	
-0.39682	
-0.395264	
-0.392609	
-0.388855	
-0.399323	
-0.37793	
-0.399628	
-0.402557	
-0.391327	
-0.396729	
-0.38623	
-0.398651	
-0.399231	
-0.398773	
-0.394165	
-0.409729	
-0.396942	
-0.386169	
-0.401245	
-0.387939	
-0.384369	
-0.396423	
-0.387238	
-0.399689	
-0.39093	
-0.396362	
-0.375153	
-0.381012	
-0.401642	
-0.408844	
-0.378387	
-0.375122	
-0.399353	
-0.393066	
-0.408966	
-0.3927	
-0.373138	
-0.396851	
-0.404083	
-0.393677	
-0.385559	
-0.365692	
-0.397583	
-0.401611	
-0.399292	
-0.380829	
-0.396942	
-0.383484	
-0.394226	
-0.394745	
-0.380768	
-0.387299	
-0.390686	
-0.393127	
-0.385132	
-0.386658	
-0.398071	
-0.388428	
-0.38797	
-0.391663	
-0.394897	
-0.382935	
-0.36734	
-0.40033	
-0.390808	
-0.390106	
-0.391571	
-0.407684	
-0.39151	
-0.385376	
-0.387543	
-0.393616	
-0.397919	
-0.39624	
-0.388123	
-0.388306	
-0.40799	
-0.398376	
-0.384033	
-0.389282	
-0.400177	
-0.394897	
-0.381561	
-0.381317	
-0.400146	
-0.382935	
-0.376831	
-0.391907	
-0.402924	
-0.376007	
-0.38562	
-0.410034	
-0.39624	
-0.373047	
-0.382446	
-0.394806	
-0.383026	
-0.391418	
-0.388672	
-0.390717	
-0.398773	
-0.38916	
-0.392212	
-0.389526	
-0.368378	
-0.387573	
-0.408508	
-0.393799	
-0.369629	
-0.394348	
-0.387085	
-0.3909	
-0.403748	
-0.388275	
-0.376465	
-0.385468	
-0.387573	
-0.379395	
-0.398499	
-0.39386	
-0.393311	
-0.398834	
-0.378815	
-0.391876	
-0.396332	
-0.371582	
-0.391907	
-0.390625	
-0.385712	
-0.389374	
-0.415771	
-0.386139	
-0.380066	
-0.394501	
-0.386261	
-0.39444	
-0.37854	
-0.380402	
-0.384552	
-0.386688	
-0.395813	
-0.386841	
-0.38446	
-0.389954	
-0.385284	
-0.377533	
-0.382721	
-0.393463	
-0.392273	
-0.398071	
-0.37204	
-0.386536	
-0.396576	
-0.381897	
-0.400146	
-0.388794	
-0.376099	
-0.372559	
-0.384186	
-0.385895	
-0.379822	
-0.391052	
-0.389252	
-0.387573	
-0.383087	
-0.377869	
-0.387207	
-0.381775	
-0.389343	
-0.387604	
-0.374786	
-0.370728	
-0.396332	
-0.384399	
-0.376892	
-0.387756	
-0.393707	
-0.3862	
-0.372345	
-0.379883	
-0.376404	
-0.380066	
-0.381195	
-0.389496	
-0.386078	
-0.381836	
-0.389618	
-0.399109	
-0.379639	
-0.378479	
-0.385712	
-0.383545	
-0.378662	
-0.398285	
-0.389465	
-0.369141	
-0.381592	
-0.383118	
-0.378143	
-0.370575	
-0.388031	
-0.380676	
-0.376862	
-0.376282	
-0.387909	
-0.385071	
-0.371613	
-0.381958	
-0.409088	
-0.387512	
-0.379791	
-0.381561	
-0.392517	
-0.370422	
-0.387482	
-0.388367	
-0.379364	
-0.394104	
-0.389313	
-0.38028	
-0.36145	
-0.379181	
-0.373688	
-0.378021	
-0.38205	
-0.383179	
-0.37442	
-0.371124	
-0.376251	
-0.404449	
-0.388	
-0.387939	
-0.373718	
-0.383484	
-0.371216	
-0.3927	
-0.389832	
-0.372955	
-0.3862	
-0.384949	
-0.38382	
-0.38031	
-0.382843	
-0.375	
-0.378754	
-0.377686	
-0.378784	
-0.383667	
-0.38916	
-0.385956	
-0.395874	
-0.376495	
-0.382904	
-0.377747	
-0.393311	
-0.376923	
-0.374084	
-0.386475	
-0.390381	
-0.382538	
-0.382019	
-0.388214	
-0.395294	
-0.380157	
-0.371735	
-0.376617	
-0.380249	
-0.390808	
-0.383911	
-0.377258	
-0.37854	
-0.389709	
-0.376617	
-0.378204	
-0.382568	
-0.393707	
-0.367065	
-0.377441	
-0.386719	
-0.382965	
-0.378479	
-0.385406	
-0.390961	
-0.391235	
-0.379944	
-0.369171	
-0.381042	
-0.378632	
-0.375275	
-0.378174	
-0.388885	
-0.386658	
-0.384094	
-0.374084	
-0.382233	
-0.376038	
-0.392914	
-0.372284	
-0.391785	
-0.376556	
-0.368256	
-0.378479	
-0.382111	
-0.384186	
-0.377472	
-0.385895	
-0.378113	
-0.375549	
-0.37738	
-0.377838	
-0.378448	
-0.368103	
-0.373749	
-0.39505	
-0.381165	
-0.377533	
-0.37912	
-0.407501	
-0.3573	
-0.361633	
-0.384277	
-0.388489	
-0.383575	
-0.368134	
-0.384979	
-0.383545	
-0.377899	
-0.367523	
-0.378967	
-0.397614	
-0.374451	
-0.375305	
-0.37915	
-0.366608	
-0.391968	
-0.389496	
-0.375946	
-0.379517	
-0.400391	
-0.368561	
-0.385376	
-0.383392	
-0.367371	
-0.386749	
-0.374298	
-0.387421	
-0.393707	
-0.376038	
-0.375977	
-0.384979	
-0.364532	
-0.37149	
-0.386444	
-0.377289	
-0.374084	
-0.392914	
-0.368225	
-0.386749	
-0.389252	
-0.39444	
-0.368195	
-0.368927	
-0.378174	
-0.396332	
-0.379669	
-0.379974	
-0.389038	
-0.370483	
-0.390778	
-0.391968	
-0.36438	
-0.375427	
-0.387451	
-0.377777	
-0.382904	
-0.358917	
-0.372833	
-0.391541	
-0.387451	
-0.375549	
-0.383789	
-0.364624	
-0.384827	
-0.389404	
-0.379608	
-0.388824	
-0.388641	
-0.385437	
-0.374786	
-0.384552	
-0.379425	
-0.384247	
-0.386993	
-0.380157	
-0.389526	
-0.376892	
-0.359833	
-0.383087	
-0.386597	
-0.386383	
-0.36734	
-0.390076	
-0.384796	
-0.387512	
-0.378815	
-0.366882	
-0.382629	
-0.388092	
-0.388611	
-0.372894	
-0.386932	
-0.386871	
-0.375488	
-0.38678	
-0.378601	
-0.381195	
-0.372406	
-0.372986	
-0.395813	
-0.372681	
-0.376068	
-0.368774	
-0.391479	
-0.375793	
-0.382233	
-0.406799	
-0.389618	
-0.376343	
-0.379303	
-0.37796	
-0.38089	
-0.391479	
-0.384003	
-0.384552	
-0.392822	
-0.379089	
-0.37384	
-0.378296	
-0.369354	
-0.378204	
-0.383545	
-0.38385	
-0.367645	
-0.389404	
-0.389893	
-0.38269	
-0.406586	
-0.390137	
-0.374176	
-0.386932	
-0.380798	
-0.380585	
-0.401489	
-0.38269	
-0.392242	
-0.399261	
-0.386932	
-0.382599	
-0.376465	
-0.368011	
-0.382477	
-0.384888	
-0.385437	
-0.370392	
-0.39212	
-0.392395	
-0.38208	
-0.391998	
-0.39679	
-0.387787	
-0.370789	
-0.388306	
-0.378235	
-0.387909	
-0.398438	
-0.393158	
-0.393097	
-0.386658	
-0.382629	
-0.381378	
-0.371063	
-0.384521	
-0.395691	
-0.392853	
-0.376251	
-0.395996	
-0.383942	
-0.388519	
-0.396973	
-0.394592	
-0.386963	
-0.369476	
-0.386383	
-0.385742	
-0.386627	
-0.392303	
-0.391815	
-0.392914	
-0.392853	
-0.389954	
-0.384644	
-0.384613	
-0.391754	
-0.385284	
-0.390015	
-0.379181	
-0.400574	
-0.393066	
-0.384766	
-0.394287	
-0.385132	
-0.391937	
-0.377289	
-0.388245	
-0.387848	
-0.379547	
-0.389587	
-0.397156	
-0.392517	
-0.382446	
-0.388336	
-0.404694	
-0.382568	
-0.385773	
-0.387665	
-0.388519	
-0.385498	
-0.409943	
-0.400757	
-0.383698	
-0.398041	
-0.393799	
-0.382263	
-0.373627	
-0.398346	
-0.395203	
-0.384247	
-0.385071	
-0.394958	
-0.391876	
-0.382629	
-0.38385	
-0.409546	
-0.39798	
-0.384888	
-0.383881	
-0.402802	
-0.392365	
-0.388092	
-0.387878	
-0.395599	
-0.399353	
-0.39801	
-0.393005	
-0.376953	
-0.394165	
-0.383453	
-0.381256	
-0.385559	
-0.397308	
-0.391815	
-0.390228	
-0.388489	
-0.410156	
-0.399017	
-0.396606	
-0.391479	
-0.399719	
-0.382141	
-0.395844	
-0.394348	
	
