E:\DOCUMENTS AND SETTINGS\JPOTAS\MEUS DOCUMENTOS\UFRJ\RSCI-BM 12 WK SERIES\070803-RSCI-BM-11\RSCI-BM-11-LSN\070803-RSCI-BM-11-LSN-0037.ACQ
0.025000 msec/sample
1 channel
Analog input
Volts
CH1	
2000	
-0.334137	
-0.337128	
-0.341644	
-0.343933	
-0.339569	
-0.328827	
-0.337982	
-0.339783	
-0.346893	
-0.338379	
-0.333984	
-0.342377	
-0.339874	
-0.344879	
-0.328888	
-0.343719	
-0.336548	
-0.340759	
-0.340363	
-0.336823	
-0.338531	
-0.324097	
-0.336823	
-0.342438	
-0.338776	
-0.334686	
-0.32608	
-0.334778	
-0.333588	
-0.337219	
-0.334778	
-0.334808	
-0.342438	
-0.327576	
-0.340607	
-0.331238	
-0.338593	
-0.337189	
-0.336548	
-0.337372	
-0.329437	
-0.33316	
-0.324982	
-0.329102	
-0.332214	
-0.324677	
-0.335449	
-0.3255	
-0.333923	
-0.331879	
-0.333893	
-0.340118	
-0.326721	
-0.336853	
-0.332031	
-0.340271	
-0.327789	
-0.327454	
-0.334961	
-0.331329	
-0.338593	
-0.334534	
-0.338837	
-0.336212	
-0.338379	
-0.346405	
-0.334045	
-0.340088	
-0.335175	
-0.333282	
-0.337585	
-0.329468	
-0.341675	
-0.332672	
-0.336914	
-0.332855	
-0.337921	
-0.340057	
-0.334259	
-0.346375	
-0.334351	
-0.343201	
-0.337555	
-0.330109	
-0.327087	
-0.327057	
-0.335388	
-0.322479	
-0.336639	
-0.341675	
-0.338837	
-0.344025	
-0.33374	
-0.339844	
-0.333984	
-0.333954	
-0.334778	
-0.329712	
-0.323822	
-0.329376	
-0.345642	
-0.335938	
-0.338715	
-0.335114	
-0.334961	
-0.334656	
-0.333557	
-0.338287	
-0.333954	
-0.334137	
-0.32962	
-0.323059	
-0.327606	
-0.33606	
-0.326324	
-0.33432	
-0.338623	
-0.33429	
-0.323822	
-0.324402	
-0.32605	
-0.335815	
-0.32901	
-0.338562	
-0.332977	
-0.327515	
-0.326202	
-0.329651	
-0.339081	
-0.331482	
-0.330383	
-0.336395	
-0.336548	
-0.330017	
-0.329437	
-0.323425	
-0.332886	
-0.325745	
-0.330414	
-0.328369	
-0.329407	
-0.319092	
-0.335602	
-0.329285	
-0.333435	
-0.332764	
-0.335175	
-0.338928	
-0.330292	
-0.325348	
-0.32254	
-0.327667	
-0.330902	
-0.327789	
-0.325104	
-0.33017	
-0.32486	
-0.33252	
-0.322083	
-0.329346	
-0.330841	
-0.339142	
-0.321655	
-0.330078	
-0.328278	
-0.335052	
-0.332611	
-0.323242	
-0.325409	
-0.33075	
-0.328735	
-0.323517	
-0.317871	
-0.326202	
-0.332092	
-0.330322	
-0.328491	
-0.320465	
-0.335846	
-0.326965	
-0.330414	
-0.332031	
-0.338959	
-0.329559	
-0.329041	
-0.33429	
-0.331268	
-0.333069	
-0.331543	
-0.328979	
-0.336609	
-0.326691	
-0.325928	
-0.325684	
-0.336212	
-0.331848	
-0.328827	
-2.87045	
-4.39972	
-1.98978	
-1.1499	
-0.856476	
-0.742249	
3.39944	
3.30765	
0.982819	
0.213867	
-0.0361328	
-0.140594	
-0.200195	
-0.217346	
-0.24292	
-0.246246	
-0.256104	
-0.269684	
-0.275177	
-0.285034	
-0.278351	
-0.287292	
-0.279327	
-0.291351	
-0.287994	
-0.279205	
-0.29303	
-0.290375	
-0.292145	
-0.281738	
-0.278717	
-0.267181	
-0.25882	
-0.246613	
-0.237518	
-0.248291	
-0.252045	
-0.253998	
-0.257568	
-0.247772	
-0.253967	
-0.243073	
-0.221008	
-0.178467	
-0.135559	
-0.106506	
-0.055603	
-0.0473022	
-0.0483093	
-0.119476	
-0.192047	
-0.276886	
-0.350983	
-0.424927	
-0.489258	
-0.543823	
-0.583191	
-0.596588	
-0.602997	
-0.63205	
-0.6474	
-0.66214	
-0.653412	
-0.641663	
-0.630981	
-0.593964	
-0.591553	
-0.569946	
-0.573303	
-0.557861	
-0.557434	
-0.528503	
-0.497467	
-0.470795	
-0.454956	
-0.439453	
-0.426666	
-0.407318	
-0.402252	
-0.385162	
-0.378326	
-0.361267	
-0.354309	
-0.353363	
-0.333984	
-0.333099	
-0.326843	
-0.331635	
-0.31546	
-0.330292	
-0.330353	
-0.339355	
-0.338745	
-0.337677	
-0.341766	
-0.335693	
-0.335602	
-0.326843	
-0.328003	
-0.325012	
-0.318512	
-0.324219	
-0.320831	
-0.328369	
-0.328766	
-0.318695	
-0.330322	
-0.327728	
-0.336456	
-0.323669	
-0.327087	
-0.330658	
-0.335876	
-0.334259	
-0.321198	
-0.331665	
-0.327606	
-0.334503	
-0.32843	
-0.332275	
-0.332825	
-0.330414	
-0.335754	
-0.334595	
-0.335968	
-0.342316	
-0.331451	
-0.342133	
-0.342285	
-0.344421	
-0.343719	
-0.344849	
-0.349762	
-0.345093	
-0.353729	
-0.341278	
-0.344452	
-0.335663	
-0.342072	
-0.339966	
-0.339722	
-0.340271	
-0.339233	
-0.341125	
-0.339142	
-0.340088	
-0.344025	
-0.333405	
-0.342804	
-0.348511	
-0.333588	
-0.336182	
-0.335602	
-0.339294	
-0.330933	
-0.347046	
-0.338043	
-0.339996	
-0.33432	
-0.338715	
-0.337982	
-0.336731	
-0.331268	
-0.329712	
-0.335571	
-0.340088	
-0.332397	
-0.334503	
-0.332214	
-0.341064	
-0.3479	
-0.336945	
-0.342133	
-0.333649	
-0.343597	
-0.335144	
-0.345428	
-0.346802	
-0.347656	
-0.351746	
-0.354492	
-0.354919	
-0.352295	
-0.343353	
-0.359131	
-0.358551	
-0.358307	
-0.356476	
-0.357391	
-0.365997	
-0.363556	
-0.380371	
-0.362915	
-0.374969	
-0.373535	
-0.373169	
-0.369415	
-0.373444	
-0.373657	
-0.364441	
-0.359894	
-0.357269	
-0.356689	
-0.358734	
-0.348724	
-0.355591	
-0.358307	
-0.357758	
-0.356934	
-0.345612	
-0.359314	
-0.349396	
-0.359741	
-0.338898	
-0.339935	
-0.344177	
-0.341827	
-0.337006	
-0.337341	
-0.339386	
-0.335602	
-0.337585	
-0.33844	
-0.339233	
-0.330505	
-0.318054	
-0.330139	
-0.340271	
-0.335938	
-0.329071	
-0.315735	
-0.331238	
-0.33725	
-0.343872	
-0.324249	
-0.323883	
-0.335693	
-0.332977	
-0.331543	
-0.330109	
-0.338928	
-0.335114	
-0.342163	
-0.328888	
-0.328888	
-0.330811	
-0.323456	
-0.347839	
-0.354858	
-0.342255	
-0.332397	
-0.329498	
-0.33847	
-0.3367	
-0.346649	
-0.339539	
-0.349182	
-0.359039	
-0.333618	
-0.327026	
-0.332306	
-0.347229	
-0.338379	
-0.342865	
-0.342407	
-0.346558	
-0.34671	
-0.326141	
-0.336945	
-0.343719	
-0.340393	
-0.349731	
-0.341919	
-0.3461	
-0.340698	
-0.349579	
-0.350891	
-0.338623	
-0.345428	
-0.332855	
-0.34552	
-0.336243	
-0.349457	
-0.335175	
-0.341431	
-0.348938	
-0.343292	
-0.343201	
-0.331299	
-0.339417	
-0.351685	
-0.339874	
-0.345703	
-0.338318	
-0.345245	
-0.347229	
-0.347198	
-0.354401	
-0.336548	
-0.352753	
-0.337982	
-0.347534	
-0.338837	
-0.342346	
-0.347626	
-0.347107	
-0.350067	
-0.338562	
-0.338135	
-0.338165	
-0.336884	
-0.34671	
-0.336273	
-0.345245	
-0.343079	
-0.338715	
-0.346893	
-0.34491	
-0.35556	
-0.339203	
-0.344116	
-0.341217	
-0.347595	
-0.337097	
-0.334412	
-0.346313	
-0.342529	
-0.340607	
-0.339569	
-0.345612	
-0.338837	
-0.333282	
-0.348206	
-0.336548	
-0.336121	
-0.344238	
-0.337555	
-0.345337	
-0.343811	
-0.347961	
-0.338287	
-0.343506	
-0.345276	
-0.348724	
-0.339783	
-0.334625	
-0.347382	
-0.342865	
-0.34201	
-0.336456	
-0.331787	
-0.329498	
-0.333252	
-0.333618	
-0.326996	
-0.331055	
-0.335907	
-0.332275	
-0.339752	
-0.339325	
-0.340851	
-0.34314	
-0.347717	
-0.350189	
-0.349335	
-0.345673	
-0.343658	
-0.356293	
-0.345428	
-0.3479	
-0.345306	
-0.348846	
-0.347168	
-0.352997	
-0.34671	
-0.344574	
-0.344482	
-0.348785	
-0.34549	
-0.344269	
-0.340271	
-0.334778	
-0.342194	
-0.339386	
-0.341339	
-0.338684	
-0.342346	
-0.336365	
-0.349396	
-0.335876	
-0.34259	
-0.338715	
-0.340759	
-0.333191	
-0.339813	
-0.337799	
-0.335602	
-0.335205	
-0.346191	
-0.352325	
-0.344757	
-0.340088	
-0.323273	
-0.342224	
-0.339783	
-0.345581	
-0.332092	
-0.343872	
-0.343048	
-0.358368	
-0.34317	
-0.344727	
-0.344116	
-0.344513	
-0.340851	
-0.348541	
-0.342224	
-0.338104	
-0.343903	
-0.346344	
-0.348999	
-0.335358	
-0.341492	
-0.321838	
-0.350677	
-0.337952	
-0.335999	
-0.333069	
-0.341858	
-0.336121	
-0.335175	
-0.342377	
-0.345398	
-0.35199	
-0.34494	
-0.342896	
-0.347717	
-0.340088	
-0.332794	
-0.333862	
-0.335571	
-0.348511	
-0.338104	
-0.349701	
-0.322449	
-0.340302	
-0.342499	
-0.342712	
-0.345795	
-0.337158	
-0.339996	
-0.341522	
-0.348663	
-0.34259	
-0.341522	
-0.341125	
-0.339783	
-0.349487	
-0.338837	
-0.329376	
-0.341553	
-0.340759	
-0.353149	
-0.330414	
-0.344025	
-0.326599	
-0.33609	
-0.341248	
-0.331085	
-0.345245	
-0.336487	
-0.342865	
-0.332581	
-0.337097	
-0.33255	
-0.333496	
-0.337402	
-0.334747	
-0.339203	
-0.338135	
-0.324982	
-0.343109	
-0.335602	
-0.349457	
-0.332336	
-0.337219	
-0.327972	
-0.326752	
-0.34201	
-0.329315	
-0.339783	
-0.335114	
-0.341064	
-0.335846	
-0.340698	
-0.33432	
-0.340393	
-0.341675	
-0.33429	
-0.337738	
-0.346893	
-0.326385	
-0.334961	
-0.332916	
-0.341522	
-0.328857	
-0.329071	
-0.33252	
-0.322357	
-0.332489	
-0.327972	
-0.338135	
-0.325745	
-0.332916	
-0.328491	
-0.334198	
-0.327515	
-0.330322	
-0.334625	
-0.336029	
-0.341553	
-0.34436	
-0.323792	
-0.335846	
-0.335236	
-0.33609	
-0.330719	
-0.326385	
-0.331909	
-0.327545	
-0.341553	
-0.327148	
-0.336334	
-0.335938	
-0.34552	
-0.333588	
-0.33432	
-0.329803	
-0.335724	
-0.336151	
-0.331848	
-0.336456	
-0.34137	
-0.330963	
-0.335052	
-0.333038	
-0.338898	
-0.341095	
-0.330322	
-0.332123	
-0.327454	
-0.335114	
-0.325348	
-0.329926	
-0.325653	
-0.335602	
-0.334808	
-0.335175	
-0.342712	
-0.334503	
-0.340149	
-0.334503	
-0.338776	
-0.338806	
-0.333008	
-0.336182	
-0.329498	
-0.332855	
-0.337006	
-0.332153	
-0.340149	
-0.331482	
-0.33316	
-0.329346	
-0.329224	
-0.324738	
-0.329407	
-0.345306	
-0.333405	
-0.333588	
-0.320404	
-0.323029	
-0.331726	
-0.327393	
-0.320038	
-0.332336	
-0.341095	
-0.330322	
-0.315582	
-0.32962	
-0.328156	
-0.330505	
-0.329315	
-0.331879	
-0.335785	
-0.328766	
-0.328705	
-0.320496	
-0.338654	
-0.323792	
-0.325775	
-0.326691	
-0.331207	
-0.333801	
-0.326019	
-0.322021	
-0.325256	
-0.329285	
-0.328796	
-0.318817	
-0.323608	
-0.33017	
-0.331085	
-0.336151	
-0.32901	
-0.334595	
-0.326019	
-0.323364	
-0.317566	
-0.330048	
-0.319244	
-0.321716	
-0.320984	
-0.320923	
-0.324768	
-0.32901	
-0.317078	
-0.324432	
-0.327423	
-0.333557	
-0.325867	
-0.319061	
-0.330597	
-0.322571	
-0.335663	
-0.323395	
-0.325806	
-0.323425	
-0.324097	
-0.326355	
-0.336975	
-0.3255	
-0.326599	
-0.330353	
-0.329102	
-0.325256	
-0.332031	
-0.320343	
-0.325806	
-0.328766	
-0.333069	
-0.329437	
-0.317963	
-0.334686	
-0.328674	
-0.336578	
-0.325806	
-0.33371	
-0.331604	
-0.323517	
-0.325867	
-0.333649	
-0.323792	
-0.322632	
-0.333099	
-0.324707	
-0.324371	
-0.328644	
-0.316803	
-0.328705	
-0.335052	
-0.332092	
-0.331604	
-0.326996	
-0.344208	
-0.326752	
-0.336731	
-0.332062	
-0.335632	
-0.331329	
-0.319946	
-0.325714	
-0.334625	
-0.330902	
-0.323975	
-0.329193	
-0.330383	
-0.330414	
-0.332672	
-0.318726	
-0.329529	
-0.33905	
-0.33136	
-0.331177	
-0.326263	
-0.339722	
-0.333191	
-0.34079	
-0.339081	
-0.330872	
-0.336212	
-0.325775	
-0.329407	
-0.324463	
-0.326447	
-0.316315	
-0.327728	
-0.332977	
-0.326385	
-0.326416	
-0.317841	
-0.329468	
-0.344147	
-0.327545	
-0.330444	
-0.322388	
-0.342102	
-0.338959	
-0.34082	
-0.338837	
-0.33197	
-0.341949	
-0.331238	
-0.338226	
-0.323944	
-0.333252	
-0.322144	
-0.327362	
-0.335144	
-0.32901	
-0.332733	
-0.323669	
-0.316956	
-0.335144	
-0.328613	
-0.331024	
-0.321167	
-0.333771	
-0.335754	
-0.325989	
-0.342834	
-0.333496	
-0.345947	
-0.326752	
-0.335693	
-0.332642	
-0.338898	
-0.329193	
-0.332764	
-0.345337	
-0.333344	
-0.326965	
-0.323608	
-0.324219	
-0.34375	
-0.332031	
-0.337708	
-0.331085	
-0.327301	
-0.341522	
-0.328094	
-0.340881	
-0.327698	
-0.337463	
-0.327148	
-0.33197	
-0.324158	
-0.330688	
-0.333099	
-0.335175	
-0.335693	
-0.331451	
-0.327667	
-0.335876	
-0.335052	
-0.345764	
-0.336731	
-0.331421	
-0.333466	
-0.324768	
-0.337494	
-0.327057	
-0.335968	
-0.328613	
-0.333954	
-0.328583	
-0.327087	
-0.32663	
-0.335297	
-0.337433	
-0.335144	
-0.336792	
-0.342041	
-0.331818	
-0.329407	
-0.328674	
-0.335968	
-0.341156	
-0.33078	
-0.331665	
-0.324005	
-0.342285	
-0.329834	
-0.330078	
-0.325043	
-0.33313	
-0.333649	
-0.331116	
-0.327118	
-0.3284	
-0.337097	
-0.336884	
-0.339905	
-0.33432	
-0.33139	
-0.333771	
-0.338928	
-0.334045	
-0.340698	
-0.334961	
-0.335693	
-0.325714	
-0.343475	
-0.33606	
-0.326996	
-0.331238	
-0.337952	
-0.333038	
-0.334808	
-0.338531	
-0.33136	
-0.344666	
-0.344147	
-0.339111	
-0.338287	
-0.335358	
-0.334564	
-0.337708	
-0.333527	
-0.341888	
-0.327789	
-0.338806	
-0.341797	
-0.341339	
-0.342255	
-0.337219	
-0.347046	
-0.345703	
-0.343628	
-0.342865	
-0.347321	
-0.333893	
-0.345245	
-0.3396	
-0.33902	
-0.337982	
-0.340027	
-0.332794	
-0.343811	
-0.338684	
-0.344391	
-0.33844	
-0.338074	
-0.337158	
-0.334839	
-0.339325	
-0.322205	
-0.330475	
-0.333313	
-0.343201	
-0.343414	
-0.349274	
-0.341797	
-0.346039	
-0.347076	
-0.34433	
-0.339417	
-0.338379	
-0.331726	
-0.343628	
-0.329529	
-0.325897	
-0.331024	
-0.336456	
-0.344513	
-0.32489	
-0.335999	
-0.319763	
-0.338501	
-0.342896	
-0.336243	
-0.332977	
-0.335236	
-0.340698	
-0.340515	
-0.343414	
-0.326172	
-0.321899	
-0.343903	
-0.33847	
-0.343781	
-0.328613	
-0.32486	
-0.339722	
-0.334351	
-0.33783	
-0.324951	
-0.345001	
-0.333527	
-0.330994	
-0.334229	
-0.332092	
-0.346313	
-0.343628	
-0.351349	
-0.34491	
-0.342651	
-0.339996	
-0.338928	
-0.347687	
-0.338684	
-0.350616	
-0.354156	
-0.342957	
-0.350464	
-0.333069	
-0.347778	
-0.348633	
-0.345032	
-0.334106	
-0.334503	
-0.351257	
-0.343384	
-0.348846	
-0.343323	
-0.341766	
-0.338348	
-0.343048	
-0.341095	
-0.330414	
-0.335754	
-0.338348	
-0.351379	
-0.348389	
-0.332672	
-0.341675	
-0.33905	
-0.340576	
-0.33667	
-0.332672	
-0.333771	
-0.33078	
-0.345947	
-0.33548	
-0.345154	
-0.340973	
-0.345154	
-0.335144	
-0.336639	
-0.337189	
-0.335175	
-0.345001	
-0.33905	
-0.343628	
-0.342041	
-0.330566	
-0.345459	
-0.343262	
-0.343445	
-0.34375	
-0.341278	
-0.340973	
-0.334564	
-0.343842	
-0.334045	
-0.345856	
-0.334503	
-0.336823	
-0.337982	
-0.341675	
-0.339996	
-0.330841	
-0.339905	
-0.337982	
-0.342438	
-0.347229	
-0.332184	
-0.338684	
-0.338928	
-0.343628	
-0.338837	
-0.335632	
-0.336243	
-0.332214	
-0.343445	
-0.333832	
-0.345123	
-0.336273	
-0.339417	
-0.343384	
-0.337433	
-0.345764	
-0.339752	
-0.340973	
-0.342987	
-0.343964	
-0.34375	
-0.331116	
-0.338593	
-0.348022	
-0.343048	
-0.338074	
-0.335938	
-0.339386	
-0.334351	
-0.336182	
-0.329376	
-0.336395	
-0.335388	
-0.336792	
-0.3367	
-0.329987	
-0.337494	
-0.339569	
-0.339355	
-0.341949	
-0.341644	
-0.343506	
-0.341278	
-0.340485	
-0.343933	
-0.339111	
-0.352417	
-0.346191	
-0.337372	
-0.344391	
-0.350494	
-0.341644	
-0.340302	
-0.338562	
-0.338989	
-0.339996	
-0.334961	
-0.338074	
-0.339417	
-0.335632	
-0.343506	
-0.345398	
-0.335968	
-0.341492	
-0.333069	
-0.344482	
-0.333557	
-0.342712	
-0.335602	
-0.334778	
-0.345001	
-0.343811	
-0.338745	
-0.339478	
-0.343353	
-0.33844	
-0.344299	
-0.328796	
-0.32843	
-0.339081	
-0.33667	
-0.334778	
-0.342773	
-0.331696	
-0.347809	
-0.342041	
-0.341248	
-0.326721	
-0.338257	
-0.347626	
-0.334778	
-0.34726	
-0.333435	
-0.3349	
-0.340179	
-0.331421	
-0.324585	
-0.33725	
-0.333801	
-0.334106	
-0.334106	
-0.334503	
-0.333405	
-0.338684	
-0.331116	
-0.347687	
-0.338287	
-0.339111	
-0.339386	
-0.342194	
-0.34436	
-0.337646	
-0.353271	
-0.347565	
-0.340424	
-0.336548	
-0.339172	
-0.336639	
-0.349915	
-0.339142	
-0.335754	
-0.341064	
-0.347565	
-0.342499	
-0.341858	
-0.325867	
-0.335602	
-0.344543	
-0.344604	
-0.344421	
-0.332001	
-0.348511	
-0.341614	
-0.355377	
-0.338928	
-0.334167	
-0.334534	
-0.336395	
-0.332214	
-0.341888	
-0.339142	
-0.332855	
-0.345032	
-0.351563	
-0.340515	
-0.346191	
-0.335724	
-0.341553	
-0.344238	
-0.337799	
-0.33963	
-0.328125	
-0.34494	
-0.332123	
-0.342987	
-0.335358	
-0.336639	
-0.337646	
-0.332458	
-0.325989	
-0.337341	
-0.347076	
-0.332153	
-0.332855	
-0.346161	
-0.340881	
-0.340393	
-0.325653	
-0.332672	
-0.346252	
-0.33313	
-0.342102	
-0.323883	
-0.343292	
-0.338348	
-0.342773	
-0.338928	
-0.32843	
-0.334534	
-0.329468	
-0.330994	
-0.333282	
-0.336914	
-0.328827	
-0.331635	
-0.341217	
-0.325256	
-0.338989	
-0.327881	
-0.31955	
-0.347504	
-0.329041	
-0.33371	
-0.321106	
-0.339264	
-0.34079	
-0.33316	
-0.329071	
-0.332123	
-0.342834	
-0.330963	
-0.329407	
-0.334381	
-0.334869	
-0.33316	
-0.327087	
-0.339935	
-0.330597	
-0.327454	
-0.324951	
-0.31842	
-0.341492	
-0.328369	
-0.333557	
-0.333466	
-0.336395	
-0.340363	
-0.336975	
-0.338684	
-0.331451	
-0.339264	
-0.334717	
-0.335724	
-0.333038	
-0.331299	
-0.336609	
-0.330048	
-0.334442	
-0.334503	
-0.330719	
-0.33255	
-0.326813	
-0.340454	
-0.337311	
-0.335541	
-0.341492	
-0.332581	
-0.339752	
-0.33667	
-0.332428	
-0.33429	
-0.337585	
-0.33606	
-0.339417	
-0.339325	
-0.333466	
-0.332764	
-0.333344	
-0.330688	
-0.335754	
-0.334747	
-0.332581	
-0.324738	
-0.329926	
-0.336609	
-0.332153	
-0.338776	
-0.335297	
-0.333282	
-0.342316	
-0.329285	
-0.326294	
-0.329346	
-0.333862	
-0.329315	
-0.325378	
-0.33902	
-0.339691	
-0.32782	
-0.323456	
-0.330719	
-0.323029	
-0.318848	
-0.328674	
-0.332458	
-0.335938	
-0.329315	
-0.3302	
-0.331787	
-0.32489	
-0.333069	
-0.322418	
-0.326752	
-0.333893	
-0.328857	
-0.329224	
-0.333344	
-0.328278	
-0.332489	
-0.327179	
-0.322296	
-0.332367	
-0.328949	
-0.327576	
-0.329834	
-0.331482	
-0.330353	
-0.323639	
-0.333435	
-0.330902	
-0.323303	
-0.327179	
-0.318573	
-0.32724	
-0.329407	
-0.336517	
-0.33371	
-0.337341	
-0.329926	
-0.333008	
-0.334229	
-0.323334	
-0.332367	
-0.327576	
-0.325714	
-0.334229	
-0.327667	
-0.329132	
-0.321838	
-0.327209	
-0.32843	
-0.32196	
-0.331696	
-0.321838	
-0.328369	
-0.32666	
-0.325226	
-0.328003	
-0.329346	
-0.326172	
-0.325897	
-0.33606	
-0.323975	
-0.329498	
-0.333801	
-0.321747	
-0.334045	
-0.333038	
-0.331482	
-0.316589	
-0.326965	
-0.335175	
-0.31662	
-0.328766	
-0.319336	
-0.324738	
-0.323639	
-0.324738	
-0.335236	
-0.326721	
-0.332733	
-0.324493	
-0.333374	
-0.329407	
-0.329376	
-0.334778	
-0.320862	
-0.342102	
-0.338196	
-0.323608	
-0.326172	
-0.322479	
-0.33728	
-0.319397	
-0.329346	
-0.327606	
-0.324127	
-0.3349	
-0.328888	
-0.33902	
-0.328033	
-0.333038	
-0.32489	
-0.33432	
-0.332886	
-0.327576	
-0.333099	
-0.325745	
-0.337585	
-0.338135	
-0.320374	
-0.334534	
-0.327667	
-0.33493	
-0.322662	
-0.318634	
-0.323029	
-0.318787	
-0.329102	
-0.324463	
-0.329315	
-0.330353	
-0.324829	
-0.320465	
-0.325745	
-0.32663	
-0.322052	
-0.333771	
-0.330444	
-0.33786	
-0.342499	
-0.322418	
-0.335205	
-0.328705	
-0.332611	
-0.324402	
-0.322144	
-0.324219	
-0.330261	
-0.336456	
-0.333405	
-0.333313	
-0.32431	
-0.332062	
-0.329071	
-0.332977	
-0.328979	
-0.324829	
-0.335419	
-0.334595	
-0.340363	
-0.342834	
-0.32373	
-0.329071	
-0.327515	
-0.34021	
-0.336151	
-0.327484	
-0.321411	
-0.334412	
-0.34549	
-0.325897	
-0.331116	
-0.327728	
-0.336151	
-0.326477	
-0.325348	
-0.333618	
-0.323059	
-0.331818	
-0.328613	
-0.334656	
-0.33667	
-0.319153	
-0.333618	
-0.326233	
-0.338623	
-0.336426	
-0.326904	
-0.324371	
-0.328705	
-0.339966	
-0.328644	
-0.335938	
-0.329865	
-0.334534	
-0.325867	
-0.320557	
-0.330719	
-0.324982	
-0.32959	
-0.332397	
-0.330994	
-0.335236	
-0.318726	
-0.332947	
-0.328522	
-0.329163	
-0.332825	
-0.329132	
-0.327362	
-0.330505	
-0.341187	
-0.329712	
-0.330322	
-0.321625	
-0.328644	
-0.33548	
-0.330597	
-0.330811	
-0.326843	
-0.332611	
-0.337494	
-0.330414	
-0.330688	
-0.320129	
-0.330872	
-0.332886	
-0.327972	
-0.338867	
-0.327301	
-0.331787	
-0.339539	
-0.341034	
-0.326172	
-0.331146	
-0.33606	
-0.332367	
-0.328644	
-0.327301	
-0.331268	
-0.337524	
-0.332336	
-0.343414	
-0.333496	
-0.328857	
-0.339844	
-0.334412	
-0.33255	
-0.33136	
-0.341583	
-0.337677	
-0.333069	
-0.336914	
-0.340332	
-0.334167	
-0.342773	
-0.327118	
-0.329834	
-0.337982	
-0.340088	
-0.328461	
-0.335022	
-0.337524	
-0.341827	
-0.346405	
-0.338409	
-0.338776	
-0.334259	
-0.344482	
-0.340576	
-0.341064	
-0.339325	
-0.333893	
-0.342407	
-0.339417	
-0.328796	
-0.341095	
-0.337128	
-0.336487	
-0.344696	
-0.341797	
-0.339111	
-0.343628	
-0.347656	
-0.33902	
-0.343811	
-0.32843	
-0.336029	
-0.338776	
-0.338715	
-0.336792	
-0.336151	
-0.34433	
-0.335052	
-0.338409	
-0.33786	
-0.328674	
-0.33606	
-0.330597	
-0.329163	
-0.340088	
-0.335175	
-0.328552	
-0.336151	
-0.338379	
-0.334351	
-0.339203	
-0.326904	
-0.329529	
-0.338226	
-0.332092	
-0.333069	
-0.328827	
-0.333893	
-0.334961	
-0.340149	
-0.338074	
-0.330688	
-0.342407	
-0.339874	
-0.329498	
-0.337708	
-0.341339	
-0.330322	
-0.328125	
-0.336426	
-0.3367	
-0.350708	
-0.335327	
-0.32608	
-0.336975	
-0.334412	
-0.33902	
-0.335907	
-0.346222	
-0.340393	
-0.336884	
-0.345612	
-0.342133	
-0.341614	
-0.333374	
-0.342224	
-0.352844	
-0.353088	
-0.331421	
-0.334534	
-0.354248	
-0.341583	
-0.343689	
-0.326202	
-0.331512	
-0.353149	
-0.338654	
-0.346802	
-0.337097	
-0.346985	
-0.350128	
-0.346588	
-0.344177	
-0.331482	
-0.339081	
-0.336365	
-0.341064	
-0.347107	
-0.347229	
-0.348663	
-0.338776	
-0.347382	
-0.334534	
-0.337158	
-0.331726	
-0.328888	
-0.349762	
-0.338898	
-0.34903	
-0.340363	
-0.340515	
-0.34021	
-0.339996	
-0.349487	
-0.338226	
-0.339417	
-0.335815	
-0.340179	
-0.349426	
-0.342468	
-0.343658	
-0.334351	
-0.350067	
-0.345551	
-0.340302	
-0.335175	
-0.331299	
-0.354858	
-0.339905	
-0.340027	
-0.33786	
-0.342072	
-0.349091	
-0.34137	
-0.343536	
-0.339752	
-0.342194	
-0.34494	
-0.343262	
-0.345886	
-0.337769	
-0.343689	
-0.339386	
-0.342621	
-0.335724	
-0.340118	
-0.344238	
-0.331787	
-0.351471	
-0.344025	
-0.34436	
-0.345673	
-0.338104	
-0.344025	
-0.345825	
-0.339081	
-0.340179	
-0.341583	
-0.342255	
-0.345276	
-0.345276	
-0.338501	
-0.347382	
-0.340515	
-0.338074	
-0.342865	
-0.34491	
-0.338959	
-0.331146	
-0.346039	
-0.339142	
-0.335388	
-0.337372	
-0.335571	
-0.336395	
-0.34259	
-0.334808	
-0.331207	
-0.340363	
-0.334229	
-0.346771	
-0.341614	
-0.336487	
-0.340088	
-0.343781	
-0.340698	
-0.340546	
-0.343842	
-0.339996	
-0.343018	
-0.346619	
-0.345215	
-0.342499	
-0.346405	
-0.345062	
-0.336334	
-0.346466	
-0.339844	
-0.334381	
-0.350983	
-0.347198	
-0.350342	
-0.340088	
-0.336731	
-0.343018	
-0.343414	
-0.335175	
-0.337799	
-0.336578	
-0.337555	
-0.341278	
-0.342804	
-0.343323	
-0.342072	
-0.34845	
-0.344269	
-0.333405	
-0.33252	
-0.333771	
-0.334045	
-0.342224	
-0.332397	
-0.335388	
-0.342377	
-0.33728	
-0.33667	
-0.336365	
-0.333832	
-0.344116	
-0.33783	
-0.328369	
-0.339874	
-0.334595	
-0.339905	
-0.333771	
-0.338501	
-0.333405	
-0.332306	
-0.337494	
-0.33429	
-0.328705	
-0.333191	
-0.337433	
-0.34024	
-0.346893	
-0.340057	
-0.336182	
-0.348389	
-0.338715	
-0.335419	
-0.333618	
-0.326935	
-0.348297	
-0.342773	
-0.339996	
-0.333466	
-0.341278	
-0.346771	
-0.335114	
-0.337372	
-0.333069	
-0.334076	
-0.338409	
-0.334076	
-0.335632	
-0.341797	
-0.343903	
-0.337158	
-0.34317	
-0.340942	
-0.337006	
-0.342834	
-0.327728	
-0.346161	
-0.341766	
-0.335205	
-0.336029	
-0.338837	
-0.340912	
-0.327515	
-0.333221	
-0.336914	
-0.336182	
-0.339386	
-0.330841	
-0.337006	
-0.342804	
-0.331329	
-0.329712	
-0.338043	
	
