E:\DOCUMENTS AND SETTINGS\JPOTAS\MEUS DOCUMENTOS\UFRJ\RSCI-BM 12 WK SERIES\070723-RSCI-BM-06\RSCI-BM-06-RSN\070723-RSCI-BM-RSN-0016.ACQ
0.025000 msec/sample
1 channel
Analog input
Volts
CH1	
2000	
-0.415985	
-0.414154	
-0.405609	
-0.414246	
-0.40976	
-0.410614	
-0.411957	
-0.415283	
-0.411255	
-0.406067	
-0.40683	
-0.41391	
-0.412476	
-0.422241	
-0.41571	
-0.410004	
-0.405487	
-0.403259	
-0.411194	
-0.415314	
-0.417847	
-0.41214	
-0.40271	
-0.407166	
-0.419067	
-0.409149	
-0.410736	
-0.412994	
-0.409943	
-0.408722	
-0.415222	
-0.412781	
-0.417938	
-0.406067	
-0.406281	
-0.412079	
-0.413147	
-0.404816	
-0.410217	
-0.412323	
-0.408447	
-0.405609	
-0.40686	
-0.415192	
-0.40799	
-0.406219	
-0.402466	
-0.413544	
-0.411987	
-0.410309	
-0.409332	
-0.41925	
-0.40863	
-0.408752	
-0.399994	
-0.410126	
-0.410675	
-0.408478	
-0.409302	
-0.414063	
-0.409332	
-0.40979	
-0.41156	
-0.410095	
-0.409058	
-0.407471	
-0.414429	
-0.410431	
-0.405182	
-0.407166	
-0.409851	
-0.402283	
-0.408447	
-0.41098	
-0.412781	
-0.404144	
-0.397675	
-0.404449	
-0.4133	
-0.404083	
-0.406342	
-0.409332	
-0.412476	
-0.400146	
-0.398071	
-0.402039	
-0.41449	
-0.412109	
-0.403381	
-0.406281	
-0.410156	
-0.406097	
-0.404724	
-0.416321	
-0.412384	
-0.400177	
-0.406433	
-0.407379	
-0.408752	
-0.421509	
-0.408905	
-0.403229	
-0.402893	
-0.413147	
-0.406738	
-0.410278	
-0.41275	
-0.406097	
-0.404053	
-0.404327	
-0.417419	
-0.418518	
-0.409576	
-0.399597	
-0.410339	
-0.410461	
-0.41217	
-0.417664	
-0.412079	
-0.403809	
-0.416473	
-0.405518	
-0.407898	
-0.406921	
-0.407104	
-0.398315	
-0.407043	
-0.412231	
-0.400574	
-0.408722	
-0.411499	
-0.407379	
-0.399872	
-0.410614	
-0.407288	
-0.403687	
-0.398926	
-0.406097	
-0.408722	
-0.405487	
-0.399963	
-0.415314	
-0.407654	
-0.400055	
-0.402374	
-0.403503	
-0.407593	
-0.416412	
-0.407288	
-0.405518	
-0.404694	
-0.4039	
-0.403351	
-0.401947	
-0.413269	
-0.410187	
-0.402191	
-0.406769	
-0.409393	
-0.395599	
-0.405884	
-0.403778	
-0.404877	
-0.412048	
-0.403015	
-0.399506	
-0.408203	
-0.399994	
-0.400146	
-0.406464	
-0.417389	
-0.402863	
-0.410126	
-0.4086	
-0.40976	
-0.404938	
-0.399933	
-0.414124	
-0.413544	
-0.409821	
-0.403595	
-0.412323	
-0.407257	
-0.405518	
-0.411102	
-0.405212	
-0.400848	
-0.406494	
-0.400787	
-0.403442	
-0.39563	
-0.395081	
-0.400848	
-0.408386	
-0.400757	
-0.391144	
-0.400848	
-3.38202	
-7.85318	
-4.53659	
-2.98315	
-2.4697	
-2.27908	
3.15424	
4.05331	
2.54224	
0.977295	
0.404663	
0.143524	
0.0211487	
-0.0603638	
-0.115753	
-0.156067	
-0.183655	
-0.201019	
-0.223022	
-0.237335	
-0.236877	
-0.250885	
-0.260773	
-0.266724	
-0.273132	
-0.281372	
-0.28537	
-0.294586	
-0.29068	
-0.295715	
-0.308868	
-0.311615	
-0.311157	
-0.318939	
-0.318176	
-0.323547	
-0.326599	
-0.322266	
-0.336761	
-0.340759	
-0.338348	
-0.334503	
-0.343292	
-0.344116	
-0.34494	
-0.34375	
-0.338959	
-0.352631	
-0.353271	
-0.355225	
-0.350006	
-0.355774	
-0.360168	
-0.365326	
-0.36441	
-0.365997	
-0.358704	
-0.358246	
-0.360596	
-0.373108	
-0.368256	
-0.365967	
-0.365234	
-0.372375	
-0.371216	
-0.370972	
-0.370758	
-0.359924	
-0.35733	
-0.353088	
-0.357147	
-0.362	
-0.368439	
-0.367981	
-0.371277	
-0.376038	
-0.374084	
-0.371735	
-0.381805	
-0.381653	
-0.386292	
-0.390137	
-0.386139	
-0.390289	
-0.393097	
-0.393005	
-0.392242	
-0.386078	
-0.399017	
-0.411316	
-0.416656	
-0.422882	
-0.414276	
-0.407806	
-0.413696	
-0.411011	
-0.399323	
-0.390686	
-0.393494	
-0.401093	
-0.387329	
-0.375397	
-0.383698	
-0.401276	
-0.391693	
-0.384949	
-0.381744	
-0.3862	
-0.378143	
-0.385651	
-0.398163	
-0.405701	
-0.420532	
-0.428223	
-0.440521	
-0.441437	
-0.435547	
-0.42627	
-0.440979	
-0.441528	
-0.442017	
-0.447296	
-0.450562	
-0.436859	
-0.425995	
-0.41449	
-0.423309	
-0.418121	
-0.407654	
-0.40274	
-0.411285	
-0.402435	
-0.396851	
-0.411255	
-0.416138	
-0.420746	
-0.419067	
-0.415955	
-0.415222	
-0.420105	
-0.407959	
-0.409393	
-0.416748	
-0.411224	
-0.413696	
-0.420044	
-0.41391	
-0.413269	
-0.410706	
-0.412811	
-0.421173	
-0.419128	
-0.415405	
-0.419647	
-0.411926	
-0.412872	
-0.416138	
-0.426575	
-0.436554	
-0.428223	
-0.415527	
-0.418884	
-0.418274	
-0.413422	
-0.410492	
-0.404938	
-0.407166	
-0.412018	
-0.41153	
-0.416748	
-0.423523	
-0.409637	
-0.412689	
-0.41687	
-0.413696	
-0.402985	
-0.415985	
-0.412537	
-0.408203	
-0.411224	
-0.407806	
-0.407715	
-0.406281	
-0.411957	
-0.409576	
-0.413727	
-0.405914	
-0.411072	
-0.411407	
-0.40979	
-0.410675	
-0.403839	
-0.398071	
-0.411407	
-0.410828	
-0.40451	
-0.403778	
-0.409424	
-0.405853	
-0.406921	
-0.414734	
-0.413544	
-0.420258	
-0.416077	
-0.415558	
-0.412079	
-0.416107	
-0.413025	
-0.415161	
-0.410889	
-0.405762	
-0.40686	
-0.414246	
-0.404633	
-0.408203	
-0.400513	
-0.403076	
-0.405701	
-0.397766	
-0.398071	
-0.404114	
-0.400726	
-0.389801	
-0.396057	
-0.410583	
-0.413055	
-0.409454	
-0.405029	
-0.412048	
-0.415161	
-0.409576	
-0.414093	
-0.41806	
-0.423859	
-0.417847	
-0.424408	
-0.423706	
-0.423462	
-0.420685	
-0.421234	
-0.416351	
-0.412842	
-0.412079	
-0.416046	
-0.415253	
-0.415527	
-0.407654	
-0.403534	
-0.421906	
-0.416687	
-0.410797	
-0.404266	
-0.417999	
-0.415466	
-0.416351	
-0.41394	
-0.4086	
-0.410156	
-0.407104	
-0.404388	
-0.407928	
-0.404877	
-0.406464	
-0.405487	
-0.421814	
-0.416748	
-0.412476	
-0.421021	
-0.415527	
-0.416962	
-0.416962	
-0.415649	
-0.424164	
-0.434021	
-0.419586	
-0.421112	
-0.425354	
-0.404846	
-0.40921	
-0.416565	
-0.409302	
-0.418488	
-0.405701	
-0.403717	
-0.416565	
-0.413086	
-0.404144	
-0.412537	
-0.40741	
-0.399963	
-0.400116	
-0.403503	
-0.413971	
-0.413971	
-0.406219	
-0.413422	
-0.412994	
-0.415131	
-0.416229	
-0.410522	
-0.414917	
-0.410767	
-0.414337	
-0.420288	
-0.4198	
-0.409973	
-0.41629	
-0.422607	
-0.414368	
-0.402679	
-0.414093	
-0.417847	
-0.411194	
-0.405334	
-0.403198	
-0.417603	
-0.416382	
-0.415344	
-0.413788	
-0.423004	
-0.411346	
-0.412628	
-0.415558	
-0.411896	
-0.415009	
-0.413635	
-0.414124	
-0.418213	
-0.415588	
-0.416748	
-0.408752	
-0.419312	
-0.420044	
-0.408356	
-0.406738	
-0.409607	
-0.411804	
-0.406036	
-0.410797	
-0.420197	
-0.418823	
-0.406586	
-0.406586	
-0.409088	
-0.404602	
-0.412476	
-0.41864	
-0.411285	
-0.416748	
-0.412018	
-0.413055	
-0.412109	
-0.417725	
-0.416199	
-0.416748	
-0.41507	
-0.409058	
-0.409241	
-0.418884	
-0.41626	
-0.409088	
-0.409485	
-0.410889	
-0.422058	
-0.422943	
-0.419098	
-0.411926	
-0.423889	
-0.41745	
-0.424164	
-0.416931	
-0.412323	
-0.414978	
-0.410583	
-0.418701	
-0.419678	
-0.405304	
-0.41098	
-0.426239	
-0.42099	
-0.420105	
-0.417725	
-0.417542	
-0.419067	
-0.426758	
-0.412109	
-0.413025	
-0.413177	
-0.416565	
-0.415894	
-0.415222	
-0.415741	
-0.409668	
-0.409637	
-0.41275	
-0.406799	
-0.405518	
-0.40625	
-0.418488	
-0.417816	
-0.412048	
-0.413086	
-0.410645	
-0.414673	
-0.404449	
-0.405151	
-0.416443	
-0.417175	
-0.409729	
-0.411987	
-0.414459	
-0.411133	
-0.414398	
-0.415192	
-0.408447	
-0.418396	
-0.412384	
-0.415802	
-0.416779	
-0.41745	
-0.40686	
-0.408722	
-0.416595	
-0.412354	
-0.408691	
-0.412384	
-0.413452	
-0.411987	
-0.406494	
-0.406097	
-0.411957	
-0.409302	
-0.413544	
-0.42041	
-0.419952	
-0.403137	
-0.408173	
-0.409973	
-0.404968	
-0.407593	
-0.414673	
-0.419159	
-0.413666	
-0.407166	
-0.415161	
-0.424011	
-0.422089	
-0.420044	
-0.410583	
-0.415497	
-0.420319	
-0.41983	
-0.411377	
-0.411163	
-0.411499	
-0.417603	
-0.41803	
-0.414429	
-0.41626	
-0.412201	
-0.40744	
-0.408966	
-0.406281	
-0.408936	
-0.408142	
-0.418365	
-0.412231	
-0.408234	
-0.409515	
-0.402252	
-0.409485	
-0.406769	
-0.410614	
-0.41095	
-0.412964	
-0.411621	
-0.411743	
-0.409149	
-0.408508	
-0.413544	
-0.410736	
-0.40918	
-0.420319	
-0.405182	
-0.409454	
-0.419556	
-0.417847	
-0.408234	
-0.411285	
-0.419952	
-0.411804	
-0.408539	
-0.41806	
-0.424072	
-0.408569	
-0.404022	
-0.412811	
-0.42041	
-0.41922	
-0.41153	
-0.408173	
-0.420624	
-0.412567	
-0.414581	
-0.407227	
-0.404816	
-0.409485	
-0.408539	
-0.409637	
-0.412903	
-0.404083	
-0.3992	
-0.409058	
-0.41394	
-0.410004	
-0.400208	
-0.408142	
-0.414215	
-0.4151	
-0.401703	
-0.40741	
-0.406555	
-0.409912	
-0.411194	
-0.408905	
-0.408722	
-0.4039	
-0.410187	
-0.408844	
-0.403503	
-0.407227	
-0.408142	
-0.412262	
-0.407898	
-0.4104	
-0.409515	
-0.405853	
-0.4133	
-0.403198	
-0.39917	
-0.405731	
-0.418365	
-0.402863	
-0.400269	
-0.406006	
-0.399261	
-0.394287	
-0.39975	
-0.410736	
-0.413391	
-0.398102	
-0.403015	
-0.411194	
-0.409637	
-0.403381	
-0.413116	
-0.408905	
-0.403717	
-0.414124	
-0.410645	
-0.407349	
-0.409302	
-0.406158	
-0.405365	
-0.412781	
-0.41391	
-0.411438	
-0.40332	
-0.413635	
-0.411285	
-0.410431	
-0.403534	
-0.414612	
-0.414795	
-0.406158	
-0.40625	
-0.409576	
-0.401428	
-0.408264	
-0.418335	
-0.40918	
-0.402679	
-0.40921	
-0.414886	
-0.411041	
-0.412994	
-0.400818	
-0.405823	
-0.410645	
-0.409271	
-0.395721	
-0.404144	
-0.411011	
-0.40567	
-0.405701	
-0.413757	
-0.40564	
-0.402344	
-0.405426	
-0.410583	
-0.405487	
-0.407013	
-0.406189	
-0.409698	
-0.413818	
-0.398285	
-0.405945	
-0.407776	
-0.405945	
-0.403168	
-0.401886	
-0.39502	
-0.399994	
-0.406525	
-0.405029	
-0.414673	
-0.417175	
-0.395782	
-0.401733	
-0.403259	
-0.406128	
-0.401276	
-0.406433	
-0.409332	
-0.40274	
-0.399353	
-0.407074	
-0.407593	
-0.405762	
-0.406067	
-0.405914	
-0.410461	
-0.402954	
-0.398071	
-0.410065	
-0.412811	
-0.391937	
-0.406616	
-0.405884	
-0.403351	
-0.406067	
-0.401947	
-0.404877	
-0.407196	
-0.398193	
-0.401367	
-0.407562	
-0.407379	
-0.404266	
-0.405243	
-0.406647	
-0.41214	
-0.412598	
-0.392883	
-0.397766	
-0.405182	
-0.405579	
-0.394531	
-0.405579	
-0.407745	
-0.399231	
-0.399048	
-0.402069	
-0.403564	
-0.401733	
-0.398193	
-0.414093	
-0.409637	
-0.402283	
-0.407349	
-0.403198	
-0.404144	
-0.396759	
-0.408844	
-0.404694	
-0.401764	
-0.40509	
-0.403687	
-0.402893	
-0.40448	
-0.404388	
-0.404236	
-0.399811	
-0.415588	
-0.40448	
-0.393799	
-0.397034	
-0.412811	
-0.398712	
-0.39975	
-0.406799	
-0.393463	
-0.397522	
-0.407043	
-0.403931	
-0.400696	
-0.400421	
-0.404327	
-0.411133	
-0.402283	
-0.403137	
-0.408844	
-0.411499	
-0.402405	
-0.410583	
-0.390198	
-0.40152	
-0.406158	
-0.403687	
-0.411682	
-0.409637	
-0.3974	
-0.40097	
-0.407013	
-0.405396	
-0.398712	
-0.389069	
-0.397919	
-0.41095	
-0.40625	
-0.386047	
-0.397644	
-0.405182	
-0.40509	
-0.400757	
-0.403656	
-0.400146	
-0.406769	
-0.412384	
-0.409943	
-0.404449	
-0.401855	
-0.395447	
-0.412231	
-0.408691	
-0.405182	
-0.402924	
-0.400146	
-0.407684	
-0.402252	
-0.400818	
-0.404236	
-0.409607	
-0.405243	
-0.400665	
-0.400909	
-0.40387	
-0.396729	
-0.398834	
-0.402435	
-0.40863	
-0.397003	
-0.399475	
-0.403259	
-0.40918	
-0.398529	
-0.400726	
-0.404785	
-0.398071	
-0.401123	
-0.404633	
-0.410126	
-0.402649	
-0.401001	
-0.402985	
-0.410828	
-0.404816	
-0.405731	
-0.411163	
-0.412262	
-0.406311	
-0.403442	
-0.388885	
-0.394073	
-0.409149	
-0.411865	
-0.400757	
-0.403198	
-0.403046	
-0.402802	
-0.401459	
-0.40155	
-0.404724	
-0.403473	
-0.405762	
-0.408691	
-0.408844	
-0.39856	
-0.407043	
-0.412231	
-0.405151	
-0.402252	
-0.406128	
-0.410858	
-0.406677	
-0.40451	
-0.405823	
-0.407593	
-0.4086	
-0.406219	
-0.412689	
-0.409637	
-0.40036	
-0.394745	
-0.406097	
-0.411407	
-0.405121	
-0.408569	
-0.407654	
-0.413391	
-0.410706	
-0.39975	
-0.40033	
-0.404175	
-0.399963	
-0.409698	
-0.407928	
-0.406769	
-0.405273	
-0.407135	
-0.405212	
-0.410736	
-0.399567	
-0.396881	
-0.401917	
-0.404388	
-0.406494	
-0.409119	
-0.412903	
-0.407806	
-0.4021	
-0.401886	
-0.415436	
-0.409027	
-0.406097	
-0.410278	
-0.414917	
-0.410126	
-0.417694	
-0.402618	
-0.40448	
-0.407806	
-0.411774	
-0.408691	
-0.410736	
-0.410767	
-0.411163	
-0.410675	
-0.410309	
-0.412354	
-0.403137	
-0.404846	
-0.411591	
-0.418152	
-0.405212	
-0.409607	
-0.408142	
-0.407562	
-0.406006	
-0.414795	
-0.408813	
-0.41156	
-0.411194	
-0.413483	
-0.411926	
-0.408936	
-0.40802	
-0.418243	
-0.419769	
-0.408051	
-0.404327	
-0.411194	
-0.418488	
-0.412445	
-0.401276	
-0.403625	
-0.414948	
-0.414581	
-0.407898	
-0.404297	
-0.412079	
-0.408234	
-0.410095	
-0.40976	
-0.413635	
-0.411102	
-0.412506	
-0.406952	
-0.408783	
-0.403046	
-0.404419	
-0.411285	
-0.416321	
-0.406189	
-0.403809	
-0.415283	
-0.410034	
-0.409485	
-0.410736	
-0.415802	
-0.411804	
-0.409576	
-0.409363	
-0.414307	
-0.415894	
-0.408234	
-0.402222	
-0.418793	
-0.414917	
-0.403717	
-0.406403	
-0.416016	
-0.407959	
-0.408234	
-0.411865	
-0.400513	
-0.40744	
-0.404877	
-0.410034	
-0.415955	
-0.411163	
-0.396606	
-0.406342	
-0.411652	
-0.407593	
-0.400421	
-0.407104	
-0.409698	
-0.413513	
-0.410217	
-0.409576	
-0.406403	
-0.409851	
-0.410278	
-0.419434	
-0.424744	
-0.417725	
-0.407837	
-0.416809	
-0.416046	
-0.40921	
-0.407867	
-0.40741	
-0.415802	
-0.416992	
-0.408539	
-0.411163	
-0.413513	
-0.399506	
-0.411407	
-0.411713	
-0.407257	
-0.408905	
-0.412445	
-0.405426	
-0.4133	
-0.403107	
-0.404602	
-0.416443	
-0.406677	
-0.406372	
-0.409546	
-0.415833	
-0.417847	
-0.412811	
-0.409973	
-0.416138	
-0.398438	
-0.410767	
-0.424377	
-0.41568	
-0.409332	
-0.416382	
-0.408936	
-0.413727	
-0.416016	
-0.411743	
-0.413574	
-0.418365	
-0.408661	
-0.410919	
-0.413818	
-0.411499	
-0.416656	
-0.41156	
-0.410736	
-0.416107	
-0.420624	
-0.411011	
-0.416229	
-0.417145	
-0.414001	
-0.409882	
-0.416656	
-0.416626	
-0.419281	
-0.416473	
-0.414459	
-0.415344	
-0.407867	
-0.408905	
-0.427246	
-0.41745	
-0.408844	
-0.414063	
-0.410431	
-0.417023	
-0.415283	
-0.407654	
-0.410004	
-0.423615	
-0.421295	
-0.410614	
-0.410614	
-0.413483	
-0.41098	
-0.417236	
-0.414948	
-0.419586	
-0.41153	
-0.406281	
-0.409485	
-0.419189	
-0.407196	
-0.402222	
-0.413147	
-0.414185	
-0.419098	
-0.408112	
-0.419128	
-0.42514	
-0.416138	
-0.413177	
-0.4151	
-0.417267	
-0.419556	
-0.416931	
-0.418854	
-0.423706	
-0.420319	
-0.410767	
-0.416199	
-0.411072	
-0.417419	
-0.416138	
-0.413177	
-0.415863	
-0.412659	
-0.409668	
-0.415466	
-0.415894	
-0.406647	
-0.414703	
-0.419861	
-0.415222	
-0.405182	
-0.413757	
-0.416229	
-0.411652	
-0.40332	
-0.402344	
-0.402466	
-0.417206	
-0.414703	
-0.413025	
-0.412292	
-0.407104	
-0.404694	
-0.42038	
-0.419983	
-0.416473	
-0.416443	
-0.415955	
-0.418732	
-0.413696	
-0.409576	
-0.412964	
-0.423706	
-0.417145	
-0.410461	
-0.417511	
-0.419067	
-0.409332	
-0.413635	
-0.407257	
-0.40921	
-0.413086	
-0.414734	
-0.416443	
-0.415131	
-0.39621	
-0.404266	
-0.414154	
-0.403198	
-0.41037	
-0.413208	
-0.415466	
-0.408386	
-0.411896	
-0.407654	
-0.407318	
-0.408569	
-0.41861	
-0.421997	
-0.422852	
-0.419342	
-0.413757	
-0.40683	
-0.415497	
-0.416473	
-0.4151	
-0.416595	
-0.428955	
-0.419464	
-0.407166	
-0.410095	
-0.406952	
-0.413086	
-0.418976	
-0.415741	
-0.413971	
-0.42038	
-0.41507	
-0.416443	
-0.4104	
-0.410187	
-0.410431	
-0.408234	
-0.409424	
-0.420837	
-0.415405	
-0.408295	
-0.410858	
-0.40976	
-0.406494	
-0.423096	
-0.425446	
-0.413666	
-0.414642	
-0.414886	
-0.414856	
-0.413055	
-0.402161	
-0.399597	
-0.419586	
-0.408875	
-0.405701	
-0.411499	
-0.412537	
-0.411194	
-0.415405	
-0.401306	
-0.404846	
-0.407349	
-0.402832	
-0.41156	
-0.415741	
-0.396881	
-0.404449	
-0.411896	
-0.406769	
-0.416412	
-0.404755	
-0.403259	
-0.407104	
-0.409668	
-0.414673	
-0.419189	
-0.415405	
-0.41095	
-0.408295	
-0.410217	
-0.412781	
-0.412933	
-0.407745	
-0.41095	
-0.410187	
-0.40506	
-0.404388	
-0.414429	
-0.411255	
-0.405334	
-0.407562	
-0.405518	
-0.404694	
-0.398102	
-0.398865	
-0.409393	
-0.409515	
-0.403076	
-0.405823	
-0.404785	
-0.403412	
-0.398438	
-0.402924	
-0.406769	
-0.417999	
-0.411133	
-0.411377	
-0.411896	
-0.409943	
-0.405396	
-0.41745	
-0.415283	
-0.410553	
-0.411957	
-0.416565	
-0.418518	
-0.402313	
-0.398682	
-0.410034	
-0.418488	
-0.404358	
-0.402924	
-0.409454	
-0.411865	
-0.402771	
-0.403564	
-0.40274	
-0.414825	
-0.409027	
-0.401306	
-0.401489	
-0.415771	
-0.40036	
-0.402893	
-0.416229	
-0.408447	
-0.40451	
-0.403778	
-0.414398	
-0.413757	
-0.411713	
-0.3992	
-0.404266	
-0.411896	
-0.412994	
-0.408051	
-0.407837	
-0.404938	
-0.411957	
-0.407623	
-0.408813	
-0.409271	
-0.409058	
-0.402527	
-0.406128	
-0.417633	
-0.408112	
-0.403412	
-0.404633	
-0.410187	
-0.404663	
-0.410034	
-0.413971	
-0.406494	
-0.402191	
-0.411194	
-0.40918	
-0.39975	
-0.399628	
-0.405426	
-0.404083	
-0.414795	
-0.403656	
-0.400055	
-0.411041	
-0.414795	
-0.402588	
-0.407166	
-0.409821	
-0.404297	
-0.402435	
-0.404053	
-0.412445	
-0.407593	
-0.399658	
-0.40329	
-0.419586	
-0.409302	
-0.411377	
-0.410492	
-0.410278	
-0.410461	
-0.40918	
-0.404816	
-0.412415	
-0.405762	
-0.398773	
-0.406006	
-0.414886	
-0.397491	
-0.401123	
-0.408813	
-0.409302	
-0.406158	
-0.398346	
-0.405945	
-0.410217	
-0.41684	
-0.399536	
-0.397217	
-0.40744	
-0.407715	
-0.39978	
-0.403595	
-0.412872	
-0.412201	
-0.401947	
-0.398987	
-0.404053	
-0.413025	
-0.407166	
-0.412109	
-0.418793	
-0.404053	
-0.401489	
-0.401154	
-0.403015	
-0.395264	
-0.40274	
-0.408722	
-0.402924	
-0.399597	
-0.40329	
-0.400146	
-0.398499	
-0.392761	
-0.395996	
-0.402313	
-0.417236	
-0.40564	
-0.397217	
-0.404053	
-0.405426	
-0.39386	
-0.396454	
-0.403076	
-0.406921	
-0.398743	
-0.410004	
-0.415253	
-0.403992	
-0.393646	
-0.401123	
-0.420685	
-0.409943	
-0.404419	
-0.408783	
-0.413391	
-0.404663	
-0.400848	
-0.403107	
-0.408112	
-0.397064	
-0.397034	
-0.403687	
-0.403015	
-0.389893	
-0.403503	
-0.411316	
-0.403412	
-0.398865	
-0.393677	
-0.405823	
-0.39859	
-0.401184	
-0.390808	
-0.397858	
-0.403381	
-0.39679	
-0.392883	
-0.41272	
-0.41217	
-0.403839	
-0.403412	
-0.402405	
-0.403351	
-0.408447	
-0.403656	
-0.412537	
-0.412323	
-0.399811	
-0.406616	
-0.40155	
-0.401398	
-0.400024	
-0.401489	
-0.405762	
-0.405396	
-0.403625	
-0.403564	
-0.405029	
-0.40213	
-0.395721	
-0.397369	
-0.403625	
-0.418823	
-0.408173	
-0.405945	
-0.407593	
-0.403351	
-0.392548	
-0.397919	
-0.412201	
-0.415466	
-0.40686	
-0.408875	
-0.4086	
-0.405884	
-0.401581	
-0.39975	
-0.41333	
-0.404053	
-0.406677	
-0.408386	
-0.411285	
-0.409027	
-0.403534	
-0.393219	
-0.403595	
-0.402985	
-0.400421	
-0.406525	
-0.411469	
-0.400085	
-0.404144	
-0.403992	
-0.405457	
-0.406403	
-0.399048	
-0.404144	
-0.415894	
-0.421082	
-0.39386	
-0.394409	
-0.405029	
-0.40802	
-0.408478	
-0.406006	
-0.403625	
-0.40686	
-0.401154	
-0.39856	
-0.405884	
-0.407684	
-0.402496	
-0.41394	
-0.416534	
-0.400909	
-0.402557	
-0.405487	
-0.412659	
-0.407776	
-0.404724	
-0.407593	
-0.411469	
-0.406006	
-0.40274	
-0.403442	
-0.404602	
-0.402222	
-0.409393	
-0.406403	
-0.414948	
-0.408417	
-0.404236	
-0.401764	
-0.399261	
-0.404572	
-0.408142	
-0.406403	
-0.404877	
-0.402924	
-0.402069	
-0.407715	
-0.407318	
-0.403107	
-0.410736	
-0.419678	
-0.409271	
-0.40976	
-0.409271	
-0.407654	
-0.408844	
-0.401672	
-0.393494	
-0.404205	
-0.406128	
-0.40448	
-0.414337	
-0.419891	
-0.403473	
-0.404083	
-0.401398	
-0.411835	
-0.414001	
-0.402161	
-0.406128	
-0.410675	
-0.413086	
-0.399719	
-0.407745	
-0.410065	
-0.40802	
-0.401367	
-0.403107	
-0.414337	
-0.418152	
-0.409119	
-0.412079	
-0.413696	
-0.410339	
-0.403564	
-0.418243	
-0.419769	
-0.404022	
-0.410126	
-0.419128	
-0.42099	
-0.410583	
-0.402222	
-0.40567	
-0.415497	
-0.414825	
-0.407135	
-0.402679	
-0.408386	
-0.408691	
-0.407898	
-0.405487	
-0.418457	
-0.411469	
-0.411652	
-0.410522	
-0.408661	
-0.403687	
-0.405518	
-0.407898	
-0.409088	
-0.413025	
-0.414032	
-0.419342	
-0.414276	
-0.409149	
-0.409485	
-0.420288	
-0.414612	
-0.414185	
-0.413269	
-0.421997	
-0.412689	
-0.402771	
-0.3992	
-0.412292	
-0.411682	
-0.403748	
-0.414703	
-0.421387	
-0.405731	
-0.410217	
-0.412659	
-0.409119	
-0.414276	
-0.402222	
-0.401093	
-0.415558	
-0.416748	
-0.398346	
-0.413055	
-0.412598	
-0.410645	
-0.409027	
-0.415741	
-0.418915	
-0.418945	
-0.411743	
-0.410492	
-0.4133	
-0.412323	
-0.399231	
-0.420166	
-0.429199	
-0.408661	
-0.411774	
-0.412903	
-0.412598	
-0.410736	
-0.411774	
-0.407776	
-0.414459	
-0.413361	
-0.413361	
-0.411285	
-0.411713	
-0.409576	
-0.409546	
-0.410706	
-0.423798	
-0.411957	
-0.413727	
-0.418762	
-0.409607	
-0.400238	
-0.402191	
-0.408539	
-0.414459	
-0.417999	
-0.414032	
-0.423248	
-0.416809	
-0.4086	
-0.411774	
-0.413391	
-0.410889	
-0.417419	
-0.412628	
-0.415894	
-0.417786	
-0.410156	
-0.401276	
-0.412659	
-0.41214	
-0.411194	
-0.416382	
-0.422821	
-0.409973	
-0.41452	
-0.417694	
-0.412903	
-0.414734	
-0.4104	
-0.411285	
-0.416595	
-0.420441	
-0.410278	
-0.412811	
-0.419067	
-0.410522	
-0.40802	
-0.419373	
-0.418793	
-0.418213	
-0.413849	
-0.414154	
-0.416412	
-0.412537	
-0.403839	
-0.425293	
-0.42746	
-0.40686	
-0.409546	
-0.417023	
-0.420074	
-0.413116	
-0.409119	
-0.409546	
-0.418335	
-0.420532	
-0.416382	
-0.416168	
-0.415833	
-0.41452	
-0.418854	
-0.416534	
-0.420074	
-0.417694	
-0.416168	
-0.414581	
-0.413605	
-0.401031	
-0.404816	
-0.422028	
-0.420807	
-0.418396	
-0.419952	
-0.417572	
-0.415771	
-0.413513	
-0.412292	
-0.41806	
-0.420197	
-0.421143	
-0.419159	
-0.421112	
-0.412354	
-0.414551	
-0.410004	
-0.412018	
-0.411011	
-0.414795	
-0.42337	
-0.435303	
-0.415161	
-0.41217	
-0.419891	
-0.411652	
-0.416565	
-0.416168	
-0.41452	
-0.418121	
-0.425751	
-0.417786	
-0.427429	
-0.417664	
-0.405518	
-0.408478	
-0.410797	
-0.416931	
-0.426971	
-0.409729	
-0.411835	
-0.427032	
-0.419769	
-0.403259	
-0.420715	
-0.422089	
-0.417633	
-0.420837	
-0.415314	
-0.419739	
-0.415039	
-0.412262	
-0.413605	
-0.417145	
-0.413849	
-0.416016	
-0.418823	
-0.415833	
-0.40918	
-0.414734	
-0.411194	
-0.423859	
-0.420624	
-0.41687	
-0.415253	
-0.413757	
-0.399994	
-0.405945	
-0.419434	
-0.414978	
-0.420502	
-0.416046	
-0.415863	
-0.417816	
-0.415192	
-0.415009	
-0.41748	
-0.416779	
-0.416412	
-0.421021	
-0.424164	
-0.41925	
-0.412872	
-0.408539	
-0.412537	
-0.414764	
-0.417114	
-0.418121	
-0.425537	
-0.411133	
-0.411255	
-0.412292	
-0.410614	
-0.408844	
-0.407654	
-0.417206	
-0.427277	
-0.421265	
-0.404266	
-0.4104	
-0.414673	
-0.41153	
-0.407196	
-0.418976	
-0.417023	
-0.420837	
-0.414368	
-0.416656	
-0.425537	
-0.418945	
-0.407776	
-0.423431	
-0.422272	
-0.417267	
-0.417358	
-0.416199	
-0.422882	
-0.413239	
-0.40625	
-0.406891	
-0.422119	
-0.41922	
-0.414337	
-0.413269	
-0.414215	
-0.408875	
-0.413544	
-0.412018	
-0.420135	
-0.413696	
-0.414429	
-0.413361	
	
