E:\DOCUMENTS AND SETTINGS\JPOTAS\MEUS DOCUMENTOS\UFRJ\RSCI-BM 12 WK SERIES\070731-RSCI-BM-12\RSCI-BM-12-RSN\070731-RSCI-BM-12-RSN-0024.ACQ
0.025000 msec/sample
1 channel
Analog input
Volts
CH1	
2000	
-0.411377	
-0.430389	
-0.417511	
-0.432648	
-0.421783	
-0.407471	
-0.410675	
-0.417908	
-0.415771	
-0.428528	
-0.436218	
-0.412476	
-0.410889	
-0.427612	
-0.398773	
-0.417389	
-0.424866	
-0.414734	
-0.419128	
-0.422974	
-0.416962	
-0.409607	
-0.406342	
-0.414429	
-0.420563	
-0.418884	
-0.409546	
-0.42395	
-0.423737	
-0.419678	
-0.422577	
-0.427551	
-0.412048	
-0.395844	
-0.422821	
-0.430603	
-0.403748	
-0.419678	
-0.425049	
-0.413483	
-0.417358	
-0.427917	
-0.413635	
-0.414703	
-0.415344	
-0.421478	
-0.430969	
-0.420471	
-0.408844	
-0.411804	
-0.417816	
-0.409912	
-0.436768	
-0.440643	
-0.411072	
-0.416412	
-0.422089	
-0.422455	
-0.416382	
-0.41803	
-0.4263	
-0.415833	
-0.428009	
-0.430328	
-0.418549	
-0.407837	
-0.411377	
-0.418182	
-0.418701	
-0.421387	
-0.4133	
-0.414093	
-0.422943	
-0.410095	
-0.432465	
-0.427246	
-0.401154	
-0.410004	
-0.418976	
-0.426392	
-0.428497	
-0.425903	
-0.403473	
-0.405609	
-0.419037	
-0.422119	
-0.421448	
-0.414703	
-0.422882	
-0.427979	
-0.423401	
-0.41806	
-0.418427	
-0.392822	
-0.403625	
-0.436554	
-0.410919	
-0.405212	
-0.419617	
-0.418915	
-0.405426	
-0.418915	
-0.421265	
-0.416748	
-0.416412	
-0.411987	
-0.416687	
-0.42926	
-0.41394	
-0.422241	
-0.427368	
-0.413239	
-0.403503	
-0.422668	
-0.428131	
-0.403961	
-0.417389	
-0.431183	
-0.420593	
-0.424286	
-0.400269	
-0.401154	
-0.417725	
-0.430817	
-0.418396	
-0.417633	
-0.416962	
-0.409821	
-0.413269	
-0.405792	
-0.40567	
-0.414185	
-0.41684	
-0.41803	
-0.41806	
-0.426544	
-0.419769	
-0.40152	
-0.404724	
-0.420044	
-0.418213	
-0.413574	
-0.412476	
-0.405487	
-0.414215	
-0.41922	
-0.421692	
-0.407806	
-0.401093	
-0.400177	
-0.419159	
-0.433716	
-0.411682	
-0.419922	
-0.410767	
-0.399231	
-0.404388	
-0.403503	
-0.407104	
-0.412506	
-0.428467	
-0.420105	
-0.410492	
-0.421265	
-0.407532	
-0.40448	
-0.411682	
-0.419006	
-0.438141	
-0.418549	
-0.419067	
-0.418671	
-0.408722	
-0.407288	
-0.413696	
-0.410309	
-0.409882	
-0.437347	
-0.428741	
-0.404663	
-0.41037	
-0.412292	
-0.417328	
-0.416718	
-0.421631	
-0.429077	
-0.419281	
-0.40451	
-0.419067	
-0.422913	
-0.407867	
-0.41684	
-0.425476	
-0.416229	
-0.410767	
-0.425995	
-0.430939	
1.66064	
1.79175	
0.427582	
0.0221252	
-0.107391	
-0.163483	
-4.83676	
-2.2984	
-1.07343	
-0.690369	
-0.565735	
-0.519196	
-0.490479	
-0.482025	
-0.477509	
-0.469727	
-0.458557	
-0.465088	
-0.457245	
-0.439545	
-0.458252	
-0.451508	
-0.450653	
-0.457855	
-0.447296	
-0.438202	
-0.433502	
-0.436707	
-0.434509	
-0.441498	
-0.441589	
-0.433411	
-0.441864	
-0.441559	
-0.42569	
-0.42691	
-0.439606	
-0.429962	
-0.434479	
-0.434998	
-0.42923	
-0.435303	
-0.437134	
-0.413452	
-0.417328	
-0.430664	
-0.433685	
-0.435303	
-0.431366	
-0.428802	
-0.42981	
-0.41803	
-0.425751	
-0.432648	
-0.436646	
-0.427856	
-0.415558	
-0.410004	
-0.422974	
-0.445404	
-0.437775	
-0.405731	
-0.426147	
-0.419373	
-0.413849	
-0.411835	
-0.407043	
-0.408661	
-0.410889	
-0.427185	
-0.421692	
-0.39621	
-0.393646	
-0.399261	
-0.409119	
-0.403595	
-0.408936	
-0.403442	
-0.418488	
-0.420654	
-0.417786	
-0.440704	
-0.439209	
-0.432739	
-0.45929	
-0.443146	
-0.439941	
-0.444794	
-0.440002	
-0.429199	
-0.436584	
-0.434082	
-0.448792	
-0.449707	
-0.438873	
-0.448914	
-0.451263	
-0.434174	
-0.418518	
-0.433685	
-0.416077	
-0.40921	
-0.433929	
-0.421082	
-0.429138	
-0.432587	
-0.412903	
-0.40918	
-0.427216	
-0.425262	
-0.416962	
-0.445496	
-0.441223	
-0.434296	
-0.452637	
-0.449432	
-0.449249	
-0.454254	
-0.464569	
-0.465546	
-0.469604	
-0.477966	
-0.450287	
-0.459503	
-0.454376	
-0.441315	
-0.440063	
-0.438812	
-0.446594	
-0.436005	
-0.430237	
-0.439697	
-0.433807	
-0.418671	
-0.4133	
-0.428955	
-0.431152	
-0.442688	
-0.436859	
-0.428131	
-0.445984	
-0.453979	
-0.449097	
-0.444061	
-0.429413	
-0.424225	
-0.438599	
-0.449951	
-0.44693	
-0.448578	
-0.428223	
-0.429962	
-0.434601	
-0.441437	
-0.426025	
-0.427094	
-0.432129	
-0.428162	
-0.416565	
-0.410522	
-0.431732	
-0.420166	
-0.406006	
-0.426422	
-0.403381	
-0.401337	
-0.42926	
-0.432983	
-0.431427	
-0.436707	
-0.438293	
-0.429535	
-0.433777	
-0.421112	
-0.434296	
-0.453339	
-0.436096	
-0.442535	
-0.439575	
-0.423096	
-0.429474	
-0.447174	
-0.44101	
-0.432953	
-0.454346	
-0.44577	
-0.43454	
-0.437286	
-0.430054	
-0.437317	
-0.440369	
-0.442169	
-0.436127	
-0.441223	
-0.438354	
-0.43808	
-0.436646	
-0.424774	
-0.420166	
-0.423767	
-0.4375	
-0.42038	
-0.417114	
-0.428223	
-0.421173	
-0.424927	
-0.425873	
-0.421356	
-0.419403	
-0.424408	
-0.428223	
-0.429962	
-0.454651	
-0.43045	
-0.428375	
-0.435242	
-0.425568	
-0.430237	
-0.43985	
-0.437714	
-0.426178	
-0.430328	
-0.426758	
-0.417664	
-0.43045	
-0.417816	
-0.426605	
-0.431335	
-0.424255	
-0.428162	
-0.418549	
-0.425018	
-0.422668	
-0.415192	
-0.430878	
-0.437836	
-0.441284	
-0.421783	
-0.429932	
-0.425781	
-0.429108	
-0.420013	
-0.424988	
-0.425293	
-0.429016	
-0.443359	
-0.433136	
-0.424652	
-0.420135	
-0.418182	
-0.430511	
-0.434448	
-0.426636	
-0.410187	
-0.423981	
-0.437012	
-0.44989	
-0.433868	
-0.426147	
-0.43158	
-0.434937	
-0.430542	
-0.440277	
-0.446381	
-0.443207	
-0.420013	
-0.426758	
-0.436157	
-0.440338	
-0.436188	
-0.428253	
-0.428314	
-0.434509	
-0.451508	
-0.435638	
-0.415741	
-0.425415	
-0.418671	
-0.427338	
-0.429749	
-0.436005	
-0.43631	
-0.440826	
-0.428894	
-0.434662	
-0.442505	
-0.41333	
-0.423706	
-0.447845	
-0.436798	
-0.438232	
-0.43634	
-0.420197	
-0.4151	
-0.426453	
-0.424164	
-0.430206	
-0.42807	
-0.419037	
-0.425446	
-0.430328	
-0.43277	
-0.412994	
-0.416779	
-0.420105	
-0.41626	
-0.433746	
-0.426483	
-0.424988	
-0.41748	
-0.415466	
-0.41153	
-0.418823	
-0.432739	
-0.422333	
-0.430573	
-0.432037	
-0.42337	
-0.421265	
-0.430267	
-0.427734	
-0.41983	
-0.432281	
-0.42926	
-0.427795	
-0.432739	
-0.407623	
-0.429688	
-0.43103	
-0.411926	
-0.422668	
-0.427948	
-0.419891	
-0.421448	
-0.432953	
-0.418304	
-0.395752	
-0.414337	
-0.427612	
-0.436401	
-0.423706	
-0.416992	
-0.416138	
-0.421234	
-0.421143	
-0.426788	
-0.435913	
-0.423004	
-0.427856	
-0.423126	
-0.415192	
-0.429199	
-0.428253	
-0.420532	
-0.415253	
-0.42337	
-0.421509	
-0.433197	
-0.416199	
-0.410767	
-0.410156	
-0.407654	
-0.417603	
-0.412415	
-0.4086	
-0.406006	
-0.411743	
-0.431915	
-0.418732	
-0.40976	
-0.417206	
-0.416229	
-0.407349	
-0.413116	
-0.422974	
-0.41449	
-0.415466	
-0.414001	
-0.406647	
-0.427399	
-0.426025	
-0.422333	
-0.417053	
-0.416626	
-0.415588	
-0.430145	
-0.420837	
-0.403412	
-0.435516	
-0.436249	
-0.40332	
-0.415558	
-0.420654	
-0.420807	
-0.432343	
-0.437866	
-0.425354	
-0.421417	
-0.411743	
-0.410339	
-0.42453	
-0.420929	
-0.415222	
-0.42923	
-0.436279	
-0.412323	
-0.41803	
-0.430054	
-0.403442	
-0.415192	
-0.425873	
-0.422455	
-0.425781	
-0.420349	
-0.417267	
-0.408051	
-0.419525	
-0.415802	
-0.426422	
-0.415039	
-0.412201	
-0.423218	
-0.41156	
-0.417511	
-0.422607	
-0.411865	
-0.410065	
-0.408722	
-0.423553	
-0.418304	
-0.419403	
-0.416901	
-0.41333	
-0.41684	
-0.414337	
-0.415833	
-0.414215	
-0.411316	
-0.412537	
-0.427429	
-0.428436	
-0.407196	
-0.411743	
-0.405365	
-0.409027	
-0.42453	
-0.424683	
-0.412933	
-0.419556	
-0.423828	
-0.408691	
-0.402618	
-0.424591	
-0.422333	
-0.421661	
-0.4245	
-0.42218	
-0.407318	
-0.422302	
-0.409729	
-0.413208	
-0.428864	
-0.433075	
-0.425659	
-0.414612	
-0.414642	
-0.418243	
-0.429077	
-0.427643	
-0.405762	
-0.433533	
-0.42453	
-0.415466	
-0.418701	
-0.426514	
-0.416046	
-0.414581	
-0.439484	
-0.424652	
-0.406494	
-0.424194	
-0.405792	
-0.419464	
-0.427185	
-0.414063	
-0.407196	
-0.426453	
-0.425262	
-0.421295	
-0.418213	
-0.411591	
-0.413513	
-0.419952	
-0.414459	
-0.411072	
-0.41098	
-0.427094	
-0.422577	
-0.41806	
-0.416107	
-0.417542	
-0.405334	
-0.411682	
-0.422852	
-0.421875	
-0.427734	
-0.419464	
-0.41922	
-0.409088	
-0.405701	
-0.422821	
-0.427155	
-0.422394	
-0.415833	
-0.421753	
-0.418854	
-0.412354	
-0.417175	
-0.406921	
-0.411804	
-0.420227	
-0.41861	
-0.422363	
-0.421234	
-0.428894	
-0.415619	
-0.411072	
-0.40509	
-0.426239	
-0.434021	
-0.414978	
-0.433319	
-0.416748	
-0.397491	
-0.422577	
-0.413696	
-0.414246	
-0.42099	
-0.428223	
-0.411591	
-0.418121	
-0.423798	
-0.409393	
-0.425323	
-0.418579	
-0.41095	
-0.41568	
-0.431	
-0.425476	
-0.429962	
-0.419983	
-0.401642	
-0.424225	
-0.424622	
-0.411072	
-0.419342	
-0.425812	
-0.419342	
-0.407928	
-0.424927	
-0.422241	
-0.431427	
-0.408539	
-0.403229	
-0.414307	
-0.426025	
-0.42868	
-0.406708	
-0.407501	
-0.409363	
-0.408356	
-0.431763	
-0.41626	
-0.420135	
-0.42981	
-0.417877	
-0.39679	
-0.409424	
-0.429108	
-0.412872	
-0.412262	
-0.434326	
-0.412292	
-0.408966	
-0.408844	
-0.418762	
-0.421356	
-0.419617	
-0.397888	
-0.41861	
-0.431793	
-0.414001	
-0.42157	
-0.41861	
-0.398682	
-0.41394	
-0.414825	
-0.417847	
-0.420197	
-0.420593	
-0.412476	
-0.409851	
-0.396362	
-0.427551	
-0.430511	
-0.409271	
-0.410889	
-0.427551	
-0.429626	
-0.417877	
-0.413208	
-0.410156	
-0.401825	
-0.425598	
-0.413116	
-0.420746	
-0.418518	
-0.414124	
-0.418243	
-0.423035	
-0.417389	
-0.405457	
-0.417206	
-0.422394	
-0.417908	
-0.426697	
-0.408203	
-0.405426	
-0.402649	
-0.412323	
-0.41626	
-0.419586	
-0.435852	
-0.410583	
-0.412689	
-0.429993	
-0.417877	
-0.417053	
-0.417389	
-0.418243	
-0.398529	
-0.412018	
-0.432678	
-0.416016	
-0.411865	
-0.414185	
-0.412262	
-0.407379	
-0.418488	
-0.409576	
-0.426025	
-0.415741	
-0.398865	
-0.425385	
-0.420807	
-0.406494	
-0.414612	
-0.414459	
-0.411163	
-0.426422	
-0.431732	
-0.402222	
-0.413757	
-0.401245	
-0.412079	
-0.431763	
-0.422791	
-0.421661	
-0.431305	
-0.421875	
-0.392883	
-0.407288	
-0.434052	
-0.418243	
-0.431152	
-0.419098	
-0.411469	
-0.419067	
-0.425415	
-0.418976	
-0.412292	
-0.4245	
-0.423248	
-0.408844	
-0.418427	
-0.427673	
-0.436615	
-0.414948	
-0.416626	
-0.419067	
-0.421021	
-0.417419	
-0.427185	
-0.435638	
-0.413391	
-0.411469	
-0.431976	
-0.425568	
-0.419922	
-0.417511	
-0.416473	
-0.414978	
-0.432373	
-0.435699	
-0.439453	
-0.42395	
-0.399445	
-0.403442	
-0.424957	
-0.432526	
-0.423737	
-0.426056	
-0.404816	
-0.409393	
-0.429352	
-0.413544	
-0.417145	
-0.424164	
-0.41922	
-0.417084	
-0.425201	
-0.416779	
-0.410309	
-0.429749	
-0.408356	
-0.41275	
-0.426483	
-0.414459	
-0.419647	
-0.423401	
-0.420013	
-0.414917	
-0.429138	
-0.421295	
-0.403778	
-0.424377	
-0.420044	
-0.422089	
-0.43219	
-0.418823	
-0.419769	
-0.422607	
-0.415588	
-0.40802	
-0.42041	
-0.43042	
-0.422028	
-0.426819	
-0.421967	
-0.427612	
-0.422302	
-0.423645	
-0.423798	
-0.425598	
-0.431946	
-0.415375	
-0.424042	
-0.432739	
-0.41626	
-0.420135	
-0.432312	
-0.41507	
-0.40387	
-0.438995	
-0.428619	
-0.422363	
-0.430023	
-0.41861	
-0.414001	
-0.419434	
-0.426178	
-0.415253	
-0.426331	
-0.417603	
-0.414917	
-0.442566	
-0.416962	
-0.401428	
-0.411987	
-0.42923	
-0.419495	
-0.420715	
-0.429535	
-0.423309	
-0.42157	
-0.42392	
-0.415436	
-0.415894	
-0.417877	
-0.430756	
-0.424255	
-0.415253	
-0.415771	
-0.417419	
-0.408386	
-0.409851	
-0.436737	
-0.436676	
-0.418243	
-0.413696	
-0.41095	
-0.422699	
-0.417328	
-0.427338	
-0.420502	
-0.419098	
-0.409424	
-0.424133	
-0.433624	
-0.417114	
-0.412872	
-0.421417	
-0.425354	
-0.420746	
-0.42749	
-0.424957	
-0.408569	
-0.432159	
-0.416168	
-0.408508	
-0.421967	
-0.430786	
-0.423828	
-0.418854	
-0.424896	
-0.420044	
-0.421021	
-0.424713	
-0.414551	
-0.422974	
-0.42804	
-0.423889	
-0.418945	
-0.443024	
-0.427124	
-0.413361	
-0.42572	
-0.407257	
-0.418732	
-0.438263	
-0.430145	
-0.429291	
-0.420349	
-0.422058	
-0.417603	
-0.432343	
-0.434998	
-0.418549	
-0.421753	
-0.423889	
-0.42099	
-0.42218	
-0.427185	
-0.409363	
-0.418945	
-0.411469	
-0.397736	
-0.433136	
-0.433777	
-0.415985	
-0.415283	
-0.418518	
-0.419464	
-0.424591	
-0.42804	
-0.406372	
-0.415375	
-0.412476	
-0.426666	
-0.430603	
-0.420349	
-0.428711	
-0.419434	
-0.410522	
-0.407959	
-0.421844	
-0.426727	
-0.412201	
-0.443054	
-0.428314	
-0.41098	
-0.426361	
-0.425446	
-0.428162	
-0.409546	
-0.413879	
-0.419281	
-0.420715	
-0.430267	
-0.428345	
-0.42099	
-0.413025	
-0.411591	
-0.41449	
-0.442078	
-0.428345	
-0.416779	
-0.426727	
-0.410278	
-0.41861	
-0.424988	
-0.414276	
-0.424622	
-0.431274	
-0.419373	
-0.419708	
-0.437164	
-0.431396	
-0.445343	
-0.433685	
-0.410553	
-0.41803	
-0.423218	
-0.419067	
-0.417633	
-0.437408	
-0.428436	
-0.410492	
-0.425171	
-0.410583	
-0.419067	
-0.437378	
-0.42746	
-0.425568	
-0.435974	
-0.4263	
-0.408813	
-0.421844	
-0.427979	
-0.431671	
-0.430573	
-0.413513	
-0.423645	
-0.433136	
-0.430603	
-0.415131	
-0.41864	
-0.429474	
-0.424072	
-0.440735	
-0.429047	
-0.422943	
-0.433868	
-0.430634	
-0.421478	
-0.425964	
-0.433807	
-0.413269	
-0.411377	
-0.425323	
-0.429688	
-0.427734	
-0.427277	
-0.432098	
-0.418762	
-0.429382	
-0.424988	
-0.42218	
-0.426666	
-0.421875	
-0.424255	
-0.426849	
-0.41037	
-0.420563	
-0.426758	
-0.426544	
-0.427521	
-0.433899	
-0.408844	
-0.42572	
-0.426331	
-0.416168	
-0.434631	
-0.419281	
-0.418427	
-0.429138	
-0.435608	
-0.416321	
-0.416687	
-0.439636	
-0.408051	
-0.426514	
-0.442657	
-0.424622	
-0.417328	
-0.42218	
-0.427948	
-0.413971	
-0.421692	
-0.428253	
-0.426971	
-0.417633	
-0.409943	
-0.429565	
-0.425568	
-0.421814	
-0.418732	
-0.422791	
-0.406281	
-0.404633	
-0.429657	
-0.433197	
-0.438171	
-0.432404	
-0.413696	
-0.413513	
-0.418304	
-0.425995	
-0.414276	
-0.422058	
-0.430908	
-0.42215	
-0.419983	
-0.411591	
-0.419464	
-0.42215	
-0.429779	
-0.412842	
-0.415497	
-0.436218	
-0.41571	
-0.419586	
-0.427643	
-0.423492	
-0.417877	
-0.418304	
-0.41629	
-0.40329	
-0.417572	
-0.419373	
-0.42218	
-0.426727	
-0.418457	
-0.416107	
-0.416779	
-0.413452	
-0.415009	
-0.430817	
-0.426208	
-0.424713	
-0.429596	
-0.3927	
-0.408203	
-0.434113	
-0.423248	
-0.410034	
-0.411652	
-0.420441	
-0.419952	
-0.431488	
-0.431641	
-0.423096	
-0.41156	
-0.407715	
-0.42453	
-0.419128	
-0.417908	
-0.421906	
-0.426483	
-0.412567	
-0.413544	
-0.430267	
-0.416016	
-0.409912	
-0.417145	
-0.423126	
-0.424194	
-0.418518	
-0.426971	
-0.40509	
-0.412689	
-0.414337	
-0.418518	
-0.420685	
-0.416718	
-0.41452	
-0.410553	
-0.413086	
-0.40509	
-0.424133	
-0.428314	
-0.400543	
-0.426575	
-0.423553	
-0.414886	
-0.422058	
-0.410553	
-0.409607	
-0.417267	
-0.419373	
-0.409302	
-0.414154	
-0.41275	
-0.409271	
-0.429504	
-0.410095	
-0.39978	
-0.423065	
-0.437805	
-0.416412	
-0.42984	
-0.433441	
-0.389984	
-0.403168	
-0.42157	
-0.41925	
-0.420319	
-0.412445	
-0.413818	
-0.421844	
-0.43576	
-0.413696	
-0.418182	
-0.415802	
-0.417969	
-0.424591	
-0.421997	
-0.426147	
-0.422272	
-0.427002	
-0.415009	
-0.398163	
-0.427429	
-0.427582	
-0.422791	
-0.424408	
-0.427185	
-0.418335	
-0.41452	
-0.41217	
-0.403229	
-0.431946	
-0.436371	
-0.412506	
-0.421783	
-0.422119	
-0.405792	
-0.418732	
-0.431122	
-0.400208	
-0.404999	
-0.413666	
-0.417023	
-0.451141	
-0.431519	
-0.401611	
-0.421844	
-0.414581	
-0.411987	
-0.418701	
-0.424286	
-0.408539	
-0.416931	
-0.408264	
-0.406128	
-0.427277	
-0.418701	
-0.417664	
-0.413086	
-0.416565	
-0.416992	
-0.423523	
-0.413391	
-0.38562	
-0.417999	
-0.418579	
-0.401855	
-0.41687	
-0.424103	
-0.421814	
-0.410553	
-0.418243	
-0.408264	
-0.412201	
-0.413239	
-0.417938	
-0.424866	
-0.421356	
-0.414154	
-0.416565	
-0.432922	
-0.424072	
-0.407013	
-0.424255	
-0.400665	
-0.409821	
-0.436249	
-0.42981	
-0.421143	
-0.404266	
-0.401794	
-0.423828	
-0.440735	
-0.429749	
-0.419586	
-0.42392	
-0.412933	
-0.417328	
-0.409149	
-0.424164	
-0.420959	
-0.412628	
-0.401123	
-0.406281	
-0.428131	
-0.422668	
-0.420074	
-0.42157	
-0.419006	
-0.42218	
-0.406281	
-0.418945	
-0.407379	
-0.411346	
-0.409424	
-0.42511	
-0.425598	
-0.410187	
-0.410614	
-0.411163	
-0.420746	
-0.418152	
-0.415527	
-0.429657	
-0.407776	
-0.434784	
-0.42334	
-0.398773	
-0.41333	
-0.423828	
-0.412079	
-0.411926	
-0.423889	
-0.412201	
-0.403015	
-0.409454	
-0.414215	
-0.421692	
-0.414154	
-0.414337	
-0.416687	
-0.426544	
-0.42749	
-0.427277	
-0.412964	
-0.392456	
-0.409058	
-0.41391	
-0.407166	
-0.409363	
-0.416779	
-0.42041	
-0.414978	
-0.425323	
-0.423645	
-0.424255	
-0.41745	
-0.410889	
-0.420776	
-0.418884	
-0.411804	
-0.391693	
-0.408112	
-0.41568	
-0.416565	
-0.4216	
-0.408722	
-0.40683	
-0.428375	
-0.419769	
-0.412811	
-0.412506	
-0.414978	
-0.405182	
-0.417603	
-0.409668	
-0.413422	
-0.422699	
-0.404144	
-0.401093	
-0.418335	
-0.414276	
-0.407379	
-0.415283	
-0.428955	
-0.404968	
-0.430603	
-0.417267	
-0.420502	
-0.420837	
-0.416534	
-0.412872	
-0.41394	
-0.410553	
-0.398926	
-0.408905	
-0.406952	
-0.400848	
-0.421936	
-0.414124	
-0.424194	
-0.430237	
-0.429108	
-0.402679	
-0.420685	
-0.420898	
-0.398254	
-0.413391	
-0.425873	
-0.413513	
-0.413971	
-0.404266	
-0.417206	
-0.409698	
-0.427155	
-0.420105	
-0.43158	
-0.419281	
-0.411041	
-0.410736	
-0.418518	
-0.415894	
-0.413605	
-0.424591	
-0.422363	
-0.401062	
-0.421844	
-0.404785	
-0.417786	
-0.420502	
-0.419403	
-0.425446	
-0.416321	
-0.407257	
-0.404755	
-0.415375	
-0.432922	
-0.422821	
-0.41629	
-0.404938	
-0.419556	
-0.414154	
-0.411652	
-0.395111	
-0.418365	
-0.421753	
-0.412689	
-0.426666	
-0.416779	
-0.412537	
-0.432739	
-0.428589	
-0.419647	
-0.417267	
-0.425812	
-0.388336	
-0.398834	
-0.422913	
-0.424805	
-0.420197	
-0.419983	
-0.4151	
-0.409393	
-0.416931	
-0.418213	
-0.42691	
-0.432159	
-0.403442	
-0.423828	
-0.414001	
-0.403015	
-0.41983	
-0.424225	
-0.422668	
-0.419342	
-0.423889	
-0.416931	
-0.422363	
-0.423004	
-0.410065	
-0.414581	
-0.418762	
-0.423431	
-0.425171	
-0.442596	
-0.427032	
-0.411957	
-0.417236	
-0.40741	
-0.415131	
-0.423035	
-0.425781	
-0.416504	
-0.418304	
-0.418488	
-0.416748	
-0.431274	
-0.437714	
-0.421692	
-0.410858	
-0.41153	
-0.432373	
-0.421326	
-0.419495	
-0.404327	
-0.42276	
-0.415192	
-0.413574	
-0.443878	
-0.430145	
-0.422211	
-0.433838	
-0.407654	
-0.42157	
-0.434814	
-0.429565	
-0.396606	
-0.424591	
-0.428986	
-0.422363	
-0.413849	
-0.413025	
-0.415619	
-0.415588	
-0.424072	
-0.427246	
-0.41983	
-0.429565	
-0.407898	
-0.424438	
-0.411194	
-0.415497	
-0.424927	
-0.42627	
-0.424164	
-0.421539	
-0.418854	
-0.407532	
-0.400574	
-0.417999	
-0.425262	
-0.435364	
-0.414856	
-0.415955	
-0.421417	
-0.44162	
-0.415161	
-0.413696	
-0.41452	
-0.407471	
-0.416504	
-0.430359	
-0.405792	
-0.424255	
-0.422638	
-0.404816	
-0.407776	
-0.437317	
-0.419373	
-0.43631	
-0.420654	
-0.406006	
-0.42453	
-0.417511	
-0.402313	
-0.413544	
-0.427002	
-0.416809	
-0.417694	
-0.447876	
-0.409729	
-0.4133	
-0.424438	
-0.41626	
-0.41864	
-0.415039	
-0.420837	
-0.4263	
-0.42746	
-0.425079	
-0.42392	
-0.423767	
-0.401184	
-0.414246	
-0.425934	
-0.431152	
-0.422302	
-0.41803	
-0.416901	
-0.412994	
-0.432312	
-0.429626	
-0.416016	
-0.426636	
-0.438354	
-0.428009	
-0.410309	
-0.419952	
-0.413727	
-0.409851	
-0.412323	
-0.419312	
-0.43277	
-0.418335	
-0.417236	
-0.416046	
-0.437469	
-0.423889	
-0.428009	
-0.432617	
-0.406494	
-0.412262	
-0.424957	
-0.414276	
-0.42041	
-0.422974	
-0.423309	
-0.41391	
-0.426422	
-0.408325	
-0.42746	
-0.430634	
-0.420959	
-0.417877	
-0.408783	
-0.418304	
-0.427277	
-0.428619	
-0.418182	
-0.415253	
-0.433136	
-0.400665	
-0.411469	
-0.422333	
-0.427704	
-0.427368	
-0.420898	
-0.414612	
-0.413513	
-0.433014	
-0.429199	
-0.41864	
-0.437866	
-0.423462	
-0.419525	
-0.412018	
-0.427948	
-0.414795	
-0.41925	
-0.414093	
-0.424713	
-0.435547	
-0.424805	
-0.419922	
-0.431915	
-0.410675	
-0.416687	
-0.420593	
-0.425537	
-0.405609	
-0.429901	
-0.41037	
-0.420288	
-0.429474	
-0.411499	
-0.40329	
-0.428467	
-0.436584	
-0.425629	
-0.424164	
-0.430969	
-0.409485	
-0.426239	
-0.415771	
-0.422913	
-0.427277	
-0.433655	
-0.427124	
-0.411377	
-0.419952	
-0.422699	
-0.411041	
-0.420593	
-0.415497	
-0.424164	
-0.424866	
-0.434113	
-0.4263	
-0.430267	
-0.419128	
-0.420807	
-0.427429	
-0.405548	
-0.423737	
-0.438293	
-0.411743	
-0.410217	
-0.413483	
-0.422821	
-0.436676	
-0.455872	
-0.429779	
-0.437531	
-0.428528	
-0.417419	
-0.416779	
-0.415527	
-0.428528	
-0.42099	
-0.42334	
-0.429291	
-0.435486	
-0.437347	
-0.413727	
-0.423218	
-0.42337	
-0.42337	
-0.43808	
-0.433136	
-0.43454	
-0.410339	
-0.417786	
-0.429199	
-0.422333	
-0.413239	
-0.418518	
-0.431427	
-0.421448	
-0.429596	
-0.424622	
-0.415314	
-0.425018	
-0.402283	
-0.423889	
-0.428223	
-0.437469	
-0.433868	
-0.424835	
-0.416199	
-0.414856	
-0.41922	
-0.414673	
-0.417206	
-0.431671	
-0.429779	
-0.444	
-0.416443	
-0.413269	
-0.413208	
-0.428467	
-0.422546	
-0.43866	
-0.429932	
-0.409149	
-0.415558	
-0.425385	
-0.409271	
-0.420807	
-0.4151	
-0.425537	
-0.421234	
-0.443115	
-0.42276	
-0.42514	
-0.406586	
-0.425049	
-0.428802	
-0.429291	
-0.416168	
-0.415405	
-0.437103	
-0.420471	
-0.398895	
-0.442627	
-0.418488	
-0.42099	
-0.429718	
-0.419556	
-0.411499	
-0.429962	
-0.425568	
-0.409943	
-0.421722	
-0.435089	
-0.41452	
-0.424988	
-0.414032	
-0.432251	
-0.424774	
-0.409515	
-0.384277	
-0.417267	
-0.422943	
-0.410553	
-0.431549	
-0.430725	
-0.39679	
-0.422607	
-0.426941	
-0.41806	
-0.413727	
-0.419189	
-0.404938	
-0.419586	
-0.418457	
-0.421021	
-0.414398	
-0.405914	
-0.411865	
-0.41626	
-0.422699	
-0.431	
-0.430878	
-0.413849	
-0.393555	
-0.420135	
-0.418762	
-0.407349	
-0.421478	
-0.417236	
-0.419647	
-0.410767	
-0.423248	
-0.423126	
-0.430084	
-0.417114	
-0.410187	
-0.426453	
-0.408508	
-0.414734	
-0.418762	
-0.432831	
-0.427917	
-0.417114	
-0.428009	
-0.401031	
-0.41275	
-0.40918	
-0.41748	
-0.423553	
-0.414551	
-0.413513	
-0.432251	
-0.434052	
-0.411041	
-0.409851	
-0.413391	
-0.40741	
-0.428223	
-0.425415	
-0.417175	
-0.391693	
-0.416199	
-0.423218	
-0.410583	
-0.426666	
-0.43811	
-0.40976	
-0.420044	
-0.421204	
-0.422394	
-0.419037	
-0.424652	
-0.397583	
-0.421326	
-0.416534	
-0.410736	
-0.419922	
-0.422546	
-0.418732	
-0.422272	
-0.422302	
-0.404694	
-0.404663	
-0.427338	
-0.40271	
-0.439392	
-0.420471	
-0.407715	
-0.421295	
-0.427277	
-0.410828	
-0.413544	
-0.417053	
-0.413696	
-0.426117	
-0.424896	
-0.408966	
-0.432007	
-0.416962	
-0.413666	
-0.421661	
-0.432281	
-0.420319	
-0.416718	
-0.418945	
-0.413788	
-0.419159	
-0.42627	
-0.418365	
-0.412262	
-0.402863	
-0.421875	
	
