E:\DOCUMENTS AND SETTINGS\JPOTAS\MEUS DOCUMENTOS\UFRJ\RSCI-BM 12 WK SERIES\070730-RSCI-BM-09\RSCI-BM-09-RSN\070730-RSCI-BM-09-RSN-0022.ACQ
0.025000 msec/sample
1 channel
Analog input
Volts
CH1	
2000	
-0.377502	
-0.38205	
-0.367798	
-0.373047	
-0.38028	
-0.379944	
-0.371399	
-0.377869	
-0.387299	
-0.374176	
-0.390564	
-0.397858	
-0.38736	
-0.387543	
-0.37619	
-0.372894	
-0.38266	
-0.381531	
-0.38147	
-0.380493	
-0.381927	
-0.379059	
-0.39978	
-0.392548	
-0.378296	
-0.393524	
-0.379028	
-0.375824	
-0.375824	
-0.399139	
-0.380524	
-0.373383	
-0.375549	
-0.375153	
-0.381683	
-0.390656	
-0.377411	
-0.384125	
-0.383423	
-0.384125	
-0.382965	
-0.383972	
-0.370178	
-0.378723	
-0.387207	
-0.381012	
-0.384705	
-0.392548	
-0.390625	
-0.375946	
-0.377533	
-0.375977	
-0.389771	
-0.378693	
-0.380463	
-0.384094	
-0.386932	
-0.38327	
-0.38678	
-0.378815	
-0.38501	
-0.386963	
-0.380493	
-0.362885	
-0.376556	
-0.383331	
-0.382965	
-0.383942	
-0.382568	
-0.386475	
-0.38205	
-0.389374	
-0.39621	
-0.390106	
-0.383087	
-0.377136	
-0.385498	
-0.387634	
-0.380554	
-0.390381	
-0.386902	
-0.373566	
-0.375977	
-0.399384	
-0.392639	
-0.382935	
-0.3927	
-0.384308	
-0.377167	
-0.370514	
-0.38855	
-0.37738	
-0.37384	
-0.379791	
-0.382996	
-0.382263	
-0.386353	
-0.376495	
-0.380615	
-0.381439	
-0.384094	
-0.386139	
-0.390045	
-0.376282	
-0.378113	
-0.3909	
-0.380493	
-0.378601	
-0.38858	
-0.385193	
-0.377045	
-0.390747	
-0.371643	
-0.378021	
-0.383789	
-0.381836	
-0.378632	
-0.387085	
-0.378723	
-0.369202	
-0.375916	
-0.381104	
-0.380585	
-0.391785	
-0.371521	
-0.37265	
-0.371094	
-0.379456	
-0.372223	
-0.374481	
-0.392731	
-0.3862	
-0.394653	
-0.391022	
-0.382507	
-0.382935	
-0.373993	
-0.381561	
-0.381104	
-0.379272	
-0.386719	
-0.388428	
-0.382294	
-0.372253	
-0.38562	
-0.389435	
-0.384644	
-0.389191	
-0.386017	
-0.380402	
-0.368469	
-0.376068	
-0.37616	
-0.376801	
-0.373871	
-0.380585	
-0.379517	
-0.386322	
-0.381714	
-0.383545	
-0.374878	
-0.385742	
-0.383362	
-0.373596	
-0.377319	
-0.37796	
-0.386902	
-0.387054	
-0.391388	
-0.390594	
-0.387634	
-0.370422	
-0.379944	
-0.383636	
-0.389374	
-0.385895	
-0.391357	
-0.380707	
-0.381683	
-0.379333	
-0.387604	
-0.380951	
-0.381042	
-0.38623	
-0.393738	
-0.371307	
-0.372192	
-0.372589	
-0.381866	
-0.381287	
-0.385742	
-0.39624	
-0.38208	
-0.393219	
-0.383179	
-0.383911	
-0.393951	
-2.85138	
-4.07111	
-2.17288	
-1.56366	
-1.34464	
-1.2272	
3.46347	
2.76666	
0.763824	
0.169098	
-0.0557861	
-0.147034	
-0.185486	
-0.230225	
-0.24585	
-0.262238	
-0.269073	
-0.286713	
-0.29007	
-0.29715	
-0.30304	
-0.312897	
-0.312622	
-0.325653	
-0.323151	
-0.321716	
-0.32489	
-0.330414	
-0.332062	
-0.34259	
-0.345734	
-0.341431	
-0.342865	
-0.35376	
-0.35614	
-0.336761	
-0.349884	
-0.33786	
-0.356232	
-0.355164	
-0.350891	
-0.353119	
-0.365692	
-0.359619	
-0.360138	
-0.359528	
-0.356964	
-0.353607	
-0.356262	
-0.346069	
-0.355408	
-0.35556	
-0.36734	
-0.358795	
-0.350403	
-0.367371	
-0.354584	
-0.368378	
-0.382294	
-0.372498	
-0.365479	
-0.362457	
-0.362	
-0.36554	
-0.365509	
-0.375305	
-0.372131	
-0.366821	
-0.365723	
-0.379303	
-0.374207	
-0.369995	
-0.379669	
-0.369446	
-0.367462	
-0.360046	
-0.382568	
-0.371185	
-0.362701	
-0.358887	
-0.368835	
-0.366394	
-0.37619	
-0.365845	
-0.368042	
-0.369873	
-0.369476	
-0.362762	
-0.365204	
-0.363922	
-0.363739	
-0.367584	
-0.376099	
-0.380615	
-0.376801	
-0.379486	
-0.36618	
-0.38504	
-0.365082	
-0.382874	
-0.388123	
-0.385651	
-0.385803	
-0.392975	
-0.378235	
-0.386169	
-0.393005	
-0.386108	
-0.380981	
-0.386841	
-0.369141	
-0.378784	
-0.380707	
-0.369263	
-0.37738	
-0.388824	
-0.392212	
-0.377441	
-0.390381	
-0.384644	
-0.369476	
-0.372467	
-0.376465	
-0.381226	
-0.393799	
-0.391296	
-0.391205	
-0.393158	
-0.401398	
-0.396332	
-0.407654	
-0.409668	
-0.398376	
-0.403351	
-0.386536	
-0.378937	
-0.371307	
-0.392365	
-0.389954	
-0.392914	
-0.389923	
-0.393036	
-0.393005	
-0.39743	
-0.386383	
-0.383514	
-0.385223	
-0.391693	
-0.38913	
-0.391205	
-0.385712	
-0.386169	
-0.380493	
-0.388031	
-0.385437	
-0.386078	
-0.387604	
-0.3703	
-0.383759	
-0.37619	
-0.376007	
-0.376434	
-0.383545	
-0.373413	
-0.378418	
-0.390533	
-0.39679	
-0.383911	
-0.382599	
-0.377777	
-0.382813	
-0.375031	
-0.382019	
-0.389252	
-0.38147	
-0.378143	
-0.385101	
-0.399414	
-0.383759	
-0.38205	
-0.397522	
-0.393738	
-0.391937	
-0.375336	
-0.375458	
-0.391418	
-0.377533	
-0.376862	
-0.379242	
-0.377838	
-0.372711	
-0.392731	
-0.386536	
-0.373962	
-0.386932	
-0.374664	
-0.373138	
-0.383057	
-0.38443	
-0.377197	
-0.378082	
-0.378662	
-0.381958	
-0.387939	
-0.38681	
-0.374359	
-0.389069	
-0.387115	
-0.3815	
-0.381836	
-0.383698	
-0.375092	
-0.386932	
-0.384125	
-0.376343	
-0.382141	
-0.396057	
-0.390259	
-0.371246	
-0.379669	
-0.376587	
-0.389862	
-0.385376	
-0.386993	
-0.388641	
-0.384399	
-0.386932	
-0.386658	
-0.375305	
-0.376709	
-0.389374	
-0.385101	
-0.362854	
-0.381378	
-0.385559	
-0.379791	
-0.377411	
-0.381378	
-0.391083	
-0.378784	
-0.381775	
-0.390198	
-0.387085	
-0.382568	
-0.372467	
-0.377533	
-0.388031	
-0.384308	
-0.392242	
-0.382751	
-0.381256	
-0.382294	
-0.39386	
-0.398651	
-0.392059	
-0.385895	
-0.372009	
-0.375488	
-0.378876	
-0.388214	
-0.390747	
-0.384003	
-0.377319	
-0.381439	
-0.379822	
-0.374603	
-0.37326	
-0.384399	
-0.387146	
-0.387817	
-0.376709	
-0.379242	
-0.380096	
-0.384064	
-0.388519	
-0.385284	
-0.382141	
-0.399811	
-0.404938	
-0.374969	
-0.384186	
-0.377808	
-0.383942	
-0.386841	
-0.392639	
-0.394196	
-0.391968	
-0.385559	
-0.384247	
-0.384949	
-0.388733	
-0.38736	
-0.387817	
-0.372009	
-0.389618	
-0.386688	
-0.388519	
-0.384491	
-0.385651	
-0.397644	
-0.386505	
-0.393097	
-0.39682	
-0.398376	
-0.40094	
-0.390167	
-0.387817	
-0.392487	
-0.374756	
-0.388916	
-0.394714	
-0.389923	
-0.392426	
-0.39801	
-0.391357	
-0.375671	
-0.385651	
-0.380157	
-0.376587	
-0.374573	
-0.391022	
-0.39151	
-0.386139	
-0.37677	
-0.368103	
-0.377472	
-0.396423	
-0.380798	
-0.380188	
-0.384247	
-0.381226	
-0.377838	
-0.378571	
-0.378601	
-0.392853	
-0.387085	
-0.37793	
-0.38562	
-0.400513	
-0.38913	
-0.37088	
-0.38446	
-0.367035	
-0.381836	
-0.387207	
-0.379547	
-0.3797	
-0.388702	
-0.382385	
-0.376617	
-0.382202	
-0.38266	
-0.381317	
-0.37796	
-0.365509	
-0.377258	
-0.379211	
-0.384705	
-0.381683	
-0.374359	
-0.393188	
-0.382935	
-0.381531	
-0.389587	
-0.390564	
-0.382751	
-0.376709	
-0.375549	
-0.390259	
-0.382507	
-0.380066	
-0.376953	
-0.387115	
-0.381653	
-0.37793	
-0.385986	
-0.381439	
-0.386566	
-0.382751	
-0.382019	
-0.375824	
-0.383728	
-0.37677	
-0.385529	
-0.381622	
-0.37915	
-0.384338	
-0.386108	
-0.368713	
-0.373779	
-0.374908	
-0.379517	
-0.387054	
-0.380341	
-0.36554	
-0.384766	
-0.379364	
-0.383759	
-0.397675	
-0.39325	
-0.384155	
-0.369202	
-0.387177	
-0.370941	
-0.379089	
-0.381439	
-0.391602	
-0.384399	
-0.375	
-0.376099	
-0.389801	
-0.38446	
-0.376953	
-0.382965	
-0.388641	
-0.360352	
-0.370514	
-0.381348	
-0.372406	
-0.377594	
-0.37381	
-0.389832	
-0.378937	
-0.386169	
-0.379089	
-0.379486	
-0.387848	
-0.381805	
-0.373291	
-0.387146	
-0.379974	
-0.382019	
-0.372864	
-0.376404	
-0.378693	
-0.391388	
-0.393616	
-0.375031	
-0.377289	
-0.378998	
-0.381989	
-0.374603	
-0.389648	
-0.375916	
-0.384125	
-0.383972	
-0.379761	
-0.374023	
-0.386169	
-0.380737	
-0.372864	
-0.379303	
-0.379242	
-0.374847	
-0.371796	
-0.367615	
-0.383148	
-0.386353	
-0.386963	
-0.385193	
-0.382568	
-0.383484	
-0.369354	
-0.378418	
-0.366333	
-0.380585	
-0.380951	
-0.38443	
-0.381561	
-0.377197	
-0.373901	
-0.383179	
-0.376648	
-0.37854	
-0.37793	
-0.381592	
-0.360107	
-0.370239	
-0.383392	
-0.371094	
-0.381287	
-0.374725	
-0.384705	
-0.380249	
-0.387177	
-0.383545	
-0.381561	
-0.386078	
-0.37738	
-0.375366	
-0.388611	
-0.376526	
-0.386383	
-0.383789	
-0.381195	
-0.376312	
-0.392303	
-0.38092	
-0.377411	
-0.391602	
-0.384491	
-0.37677	
-0.379028	
-0.384003	
-0.380768	
-0.391815	
-0.378815	
-0.376862	
-0.383301	
-0.382172	
-0.384766	
-0.386993	
-0.378601	
-0.377625	
-0.380432	
-0.385956	
-0.378662	
-0.382904	
-0.383667	
-0.387634	
-0.383636	
-0.383423	
-0.391144	
-0.370544	
-0.377625	
-0.375061	
-0.384064	
-0.379364	
-0.382538	
-0.382813	
-0.385071	
-0.385468	
-0.386414	
-0.372986	
-0.381287	
-0.381927	
-0.387909	
-0.368866	
-0.37088	
-0.380249	
-0.379669	
-0.38443	
-0.380585	
-0.386993	
-0.383148	
-0.385834	
-0.388397	
-0.386322	
-0.383575	
-0.378815	
-0.386322	
-0.395813	
-0.376343	
-0.385498	
-0.377014	
-0.379669	
-0.388123	
-0.396088	
-0.387726	
-0.385681	
-0.393005	
-0.381195	
-0.364075	
-0.372955	
-0.396057	
-0.386108	
-0.386383	
-0.386078	
-0.382111	
-0.379333	
-0.386444	
-0.385895	
-0.378418	
-0.382996	
-0.382538	
-0.383606	
-0.383362	
-0.381348	
-0.391724	
-0.38031	
-0.383759	
-0.383911	
-0.391418	
-0.385254	
-0.372131	
-0.378998	
-0.364441	
-0.384338	
-0.387146	
-0.373993	
-0.37912	
-0.37561	
-0.368408	
-0.384796	
-0.38916	
-0.385559	
-0.382202	
-0.379517	
-0.357239	
-0.366852	
-0.371582	
-0.37912	
-0.38797	
-0.384949	
-0.388397	
-0.381073	
-0.380676	
-0.384399	
-0.385529	
-0.381287	
-0.369965	
-0.380615	
-0.397339	
-0.384399	
-0.381836	
-0.370178	
-0.37854	
-0.384491	
-0.388519	
-0.392181	
-0.378815	
-0.378479	
-0.377045	
-0.376068	
-0.375763	
-0.388855	
-0.379822	
-0.38327	
-0.383636	
-0.382904	
-0.381836	
-0.390411	
-0.389343	
-0.38092	
-0.378204	
-0.374969	
-0.381042	
-0.392456	
-0.389587	
-0.392578	
-0.389587	
-0.38623	
-0.37616	
-0.390961	
-0.393158	
-0.375275	
-0.391754	
-0.379364	
-0.377014	
-0.378387	
-0.380615	
-0.385376	
-0.380554	
-0.375275	
-0.391724	
-0.391571	
-0.390198	
-0.383911	
-0.371613	
-0.360321	
-0.381866	
-0.383362	
-0.380096	
-0.388702	
-0.378876	
-0.383881	
-0.380432	
-0.389404	
-0.389984	
-0.386078	
-0.385956	
-0.385345	
-0.382935	
-0.391327	
-0.375671	
-0.386017	
-0.379303	
-0.380768	
-0.383972	
-0.389435	
-0.390381	
-0.386383	
-0.385468	
-0.373016	
-0.380005	
-0.379944	
-0.386475	
-0.383026	
-0.391052	
-0.382477	
-0.382629	
-0.378418	
-0.387482	
-0.384033	
-0.382385	
-0.381836	
-0.380066	
-0.386536	
-0.387482	
-0.378265	
-0.393768	
-0.386353	
-0.388824	
-0.389465	
-0.384918	
-0.386383	
-0.378754	
-0.386078	
-0.367249	
-0.374542	
-0.375031	
-0.382111	
-0.392242	
-0.38855	
-0.374878	
-0.37439	
-0.375824	
-0.379883	
-0.380951	
-0.386536	
-0.365845	
-0.368408	
-0.37912	
-0.375458	
-0.37738	
-0.379425	
-0.393402	
-0.372955	
-0.386566	
-0.391266	
-0.381836	
-0.384216	
-0.385956	
-0.377502	
-0.38855	
-0.377716	
-0.385742	
-0.385468	
-0.385071	
-0.377472	
-0.391449	
-0.38913	
-0.375214	
-0.380951	
-0.38266	
-0.38031	
-0.378326	
-0.396027	
-0.382233	
-0.385315	
-0.375366	
-0.381378	
-0.383057	
-0.389069	
-0.3815	
-0.379883	
-0.386932	
-0.378693	
-0.374268	
-0.380554	
-0.380005	
-0.394928	
-0.388184	
-0.388245	
-0.396973	
-0.383789	
-0.38028	
-0.371979	
-0.385742	
-0.369751	
-0.381927	
-0.377228	
-0.379303	
-0.388367	
-0.384064	
-0.375977	
-0.385223	
-0.380371	
-0.381775	
-0.383514	
-0.383484	
-0.364258	
-0.377472	
-0.382965	
-0.372986	
-0.386658	
-0.380859	
-0.382629	
-0.370941	
-0.382446	
-0.389008	
-0.393921	
-0.388367	
-0.381958	
-0.379639	
-0.397797	
-0.384918	
-0.382843	
-0.37851	
-0.386261	
-0.386688	
-0.397186	
-0.390961	
-0.383667	
-0.382385	
-0.379822	
-0.377655	
-0.383728	
-0.392487	
-0.384583	
-0.393372	
-0.389679	
-0.389313	
-0.382904	
-0.389679	
-0.381958	
-0.377594	
-0.388519	
-0.38504	
-0.377991	
-0.389679	
-0.386139	
-0.390167	
-0.392365	
-0.384766	
-0.386871	
-0.39389	
-0.388977	
-0.368134	
-0.386658	
-0.373047	
-0.369507	
-0.375397	
-0.384979	
-0.388702	
-0.381653	
-0.372498	
-0.384247	
-0.38147	
-0.38678	
-0.376862	
-0.381744	
-0.364594	
-0.373138	
-0.38266	
-0.379211	
-0.382111	
-0.374146	
-0.387421	
-0.384308	
-0.386536	
-0.383362	
-0.385376	
-0.386292	
-0.372986	
-0.37384	
-0.387573	
-0.376007	
-0.383423	
-0.382294	
-0.380554	
-0.374146	
-0.388794	
-0.383575	
-0.390381	
-0.387634	
-0.379242	
-0.370941	
-0.381592	
-0.387756	
-0.385162	
-0.394653	
-0.3862	
-0.385193	
-0.384827	
-0.385559	
-0.383636	
-0.384064	
-0.382019	
-0.379608	
-0.377289	
-0.377533	
-0.380249	
-0.400299	
-0.396149	
-0.382629	
-0.386597	
-0.378418	
-0.376801	
-0.374329	
-0.388031	
-0.371765	
-0.381134	
-0.379791	
-0.3797	
-0.381561	
-0.372192	
-0.368042	
-0.385162	
-0.376221	
-0.384216	
-0.390198	
-0.382965	
-0.359741	
-0.372711	
-0.377014	
-0.371613	
-0.377808	
-0.384277	
-0.386871	
-0.381012	
-0.384888	
-0.386261	
-0.377472	
-0.386719	
-0.385345	
-0.383759	
-0.382843	
-0.373535	
-0.379059	
-0.381683	
-0.387848	
-0.383789	
-0.382507	
-0.384796	
-0.383789	
-0.376862	
-0.382111	
-0.386139	
-0.384521	
-0.39386	
-0.384705	
-0.38266	
-0.37735	
-0.384033	
-0.386414	
-0.395386	
-0.388641	
-0.385864	
-0.386993	
-0.378204	
-0.380432	
-0.387299	
-0.378601	
-0.390472	
-0.397461	
-0.394989	
-0.384003	
-0.382751	
-0.381317	
-0.373016	
-0.389069	
-0.373657	
-0.383209	
-0.383209	
-0.376007	
-0.381226	
-0.380463	
-0.382019	
-0.389343	
-0.375366	
-0.383698	
-0.385254	
-0.383148	
-0.367188	
-0.375977	
-0.375244	
-0.382294	
-0.382294	
-0.373413	
-0.380829	
-0.382172	
-0.386749	
-0.388519	
-0.382324	
-0.376129	
-0.371552	
-0.378632	
-0.38562	
-0.381897	
-0.386139	
-0.382019	
-0.380219	
-0.373688	
-0.374603	
-0.376648	
-0.373779	
-0.385986	
-0.374969	
-0.378937	
-0.385468	
-0.387421	
-0.364471	
-0.382385	
-0.388824	
-0.386475	
-0.384949	
-0.387543	
-0.382629	
-0.377289	
-0.374634	
-0.379303	
-0.387054	
-0.380615	
-0.378052	
-0.401489	
-0.3909	
-0.375061	
-0.384216	
-0.386841	
-0.375153	
-0.372284	
-0.388245	
-0.367126	
-0.377258	
-0.379913	
-0.377563	
-0.382294	
-0.381805	
-0.368134	
-0.3797	
-0.381012	
-0.387238	
-0.379578	
-0.384399	
-0.365967	
-0.368866	
-0.372131	
-0.380127	
-0.382568	
-0.380035	
-0.3862	
-0.376129	
-0.375916	
-0.386261	
-0.385742	
-0.382904	
-0.376221	
-0.371735	
-0.390839	
-0.392883	
-0.379547	
-0.373291	
-0.377502	
-0.375916	
-0.384583	
-0.391541	
-0.380951	
-0.387421	
-0.372284	
-0.380096	
-0.381042	
-0.390472	
-0.378876	
-0.398315	
-0.381042	
-0.387024	
-0.382965	
-0.384827	
-0.391083	
-0.384521	
-0.37616	
-0.378021	
-0.381042	
-0.380096	
-0.381805	
-0.404327	
-0.387085	
-0.379913	
-0.389221	
-0.390106	
-0.387329	
-0.37851	
-0.388214	
-0.373474	
-0.375	
-0.368134	
-0.37738	
-0.389496	
-0.38147	
-0.370972	
-0.388733	
-0.383392	
-0.381317	
-0.379242	
-0.382629	
-0.363525	
-0.377075	
-0.380524	
-0.380768	
-0.387146	
-0.378326	
-0.381165	
-0.373871	
-0.382507	
-0.385193	
-0.385529	
-0.392181	
-0.389099	
-0.374298	
-0.377594	
-0.379547	
-0.381042	
-0.382446	
-0.386475	
-0.37851	
-0.392944	
-0.389038	
-0.372284	
-0.384094	
-0.378052	
-0.371002	
-0.381592	
-0.397858	
-0.377563	
-0.390686	
-0.386353	
-0.380249	
-0.37262	
-0.382538	
-0.379944	
-0.377228	
-0.374634	
-0.375336	
-0.373505	
-0.382507	
-0.381683	
-0.393738	
-0.386139	
-0.380188	
-0.38678	
-0.383728	
-0.383301	
-0.372498	
-0.386383	
-0.369324	
-0.373779	
-0.374908	
-0.374237	
-0.381744	
-0.37561	
-0.368988	
-0.382355	
-0.374817	
-0.382996	
-0.383789	
-0.382019	
-0.364594	
-0.369049	
-0.365173	
-0.370697	
-0.385162	
-0.37561	
-0.382172	
-0.38269	
-0.382843	
-0.381165	
-0.381226	
-0.383575	
-0.378235	
-0.382599	
-0.382355	
-0.375854	
-0.38269	
-0.381378	
-0.377869	
-0.380127	
-0.390381	
-0.387787	
-0.383728	
-0.384644	
-0.374603	
-0.383636	
-0.385315	
-0.387268	
-0.379974	
-0.394562	
-0.384613	
-0.391052	
-0.386078	
-0.380432	
-0.382782	
-0.391541	
-0.382843	
-0.377838	
-0.371277	
-0.387512	
-0.389038	
-0.389404	
-0.388672	
-0.379089	
-0.387421	
-0.385193	
-0.38446	
-0.372925	
-0.377563	
-0.366425	
-0.380127	
-0.385132	
-0.377899	
-0.382202	
-0.382324	
-0.374268	
-0.38855	
-0.384552	
-0.386139	
-0.382935	
-0.382233	
-0.36026	
-0.37088	
-0.375366	
-0.379669	
-0.388153	
-0.384094	
-0.378296	
-0.373566	
-0.379944	
-0.390533	
-0.390503	
-0.388245	
-0.37616	
-0.374542	
-0.378082	
-0.38089	
-0.384766	
-0.380737	
-0.38736	
-0.391205	
-0.387177	
-0.375458	
-0.373199	
-0.386505	
-0.382263	
-0.382935	
-0.387573	
-0.402161	
-0.378815	
-0.389282	
-0.391205	
-0.385223	
-0.380493	
-0.388275	
-0.386292	
-0.389618	
-0.384491	
-0.385132	
-0.377136	
-0.378082	
-0.376221	
-0.393799	
-0.394745	
-0.38562	
-0.374084	
-0.375732	
-0.379669	
-0.380188	
-0.384949	
-0.371002	
-0.37204	
-0.371185	
-0.370972	
-0.381836	
-0.385101	
-0.374573	
-0.385925	
-0.381378	
-0.381165	
-0.37265	
-0.371277	
-0.370361	
-0.378784	
-0.375092	
-0.372986	
-0.382446	
-0.381256	
-0.378052	
-0.373901	
-0.376434	
-0.384521	
-0.386047	
-0.391266	
-0.378662	
-0.371643	
-0.378937	
-0.381744	
-0.379059	
-0.381287	
-0.380035	
-0.382111	
-0.383911	
-0.374969	
-0.379211	
-0.390991	
-0.374207	
-0.374878	
-0.378632	
-0.389923	
-0.380646	
-0.394012	
-0.387482	
-0.393768	
-0.386047	
-0.381409	
-0.377563	
-0.392151	
-0.38559	
-0.385437	
-0.380768	
-0.386108	
-0.381317	
-0.398346	
-0.387329	
-0.387695	
-0.384247	
-0.38855	
-0.384918	
-0.380188	
-0.38681	
-0.372314	
-0.373566	
-0.375732	
-0.374573	
-0.384674	
-0.389008	
-0.38327	
-0.38501	
-0.372986	
-0.386871	
-0.386017	
-0.381256	
-0.372314	
-0.381592	
-0.381866	
-0.374817	
-0.384796	
-0.380066	
-0.381073	
-0.384644	
-0.388428	
-0.389679	
-0.382751	
-0.38205	
-0.3909	
-0.377045	
-0.377167	
-0.385773	
-0.389282	
-0.380829	
-0.38382	
-0.384247	
-0.378082	
-0.377747	
-0.376434	
-0.385468	
-0.374695	
-0.385529	
-0.386108	
-0.395844	
-0.380066	
-0.391998	
-0.384705	
-0.388031	
-0.380096	
-0.386963	
-0.388672	
-0.397095	
-0.379456	
-0.380707	
-0.381104	
-0.388	
-0.385864	
-0.401367	
-0.387329	
-0.387238	
-0.388458	
-0.385651	
-0.378021	
-0.374146	
-0.375092	
-0.374908	
-0.383362	
-0.380493	
-0.373169	
-0.376923	
-0.381073	
-0.372314	
-0.379822	
-0.380524	
-0.379089	
-0.379242	
-0.386536	
-0.362854	
-0.364899	
-0.385437	
-0.378296	
-0.381989	
-0.380951	
-0.379456	
-0.373169	
-0.394135	
-0.388733	
-0.381012	
-0.376434	
-0.382172	
-0.38031	
-0.388641	
-0.378296	
-0.377106	
-0.387085	
-0.38269	
-0.372345	
-0.385681	
-0.385071	
-0.376434	
-0.387146	
-0.379608	
-0.382324	
-0.378418	
-0.385437	
-0.371246	
-0.396271	
-0.386169	
-0.390747	
-0.388702	
-0.387054	
-0.387146	
-0.385681	
-0.372131	
-0.383484	
-0.378052	
-0.384033	
-0.393463	
-0.409149	
-0.384552	
-0.381836	
-0.387848	
-0.38092	
-0.38623	
-0.382904	
-0.388977	
-0.374817	
-0.377258	
-0.376038	
-0.377869	
-0.385406	
-0.376404	
-0.373474	
-0.38913	
-0.382172	
-0.387054	
-0.385956	
-0.383362	
-0.366028	
-0.375702	
-0.37616	
-0.373932	
-0.387238	
-0.381226	
-0.384552	
-0.378937	
-0.387604	
-0.386475	
-0.385254	
-0.386993	
-0.385712	
-0.383331	
-0.383301	
-0.379547	
-0.382935	
-0.382538	
-0.386688	
-0.389587	
-0.388885	
-0.38092	
-0.375916	
-0.387268	
-0.383881	
-0.381744	
-0.387573	
-0.39798	
-0.386108	
-0.397461	
-0.385803	
-0.386444	
-0.388824	
-0.388702	
-0.381653	
-0.395752	
-0.387848	
-0.387024	
-0.380096	
-0.38501	
-0.37912	
-0.397858	
-0.399536	
-0.383118	
-0.382751	
-0.387177	
-0.384888	
-0.377167	
-0.386108	
-0.374542	
-0.377563	
-0.378815	
-0.374115	
-0.387543	
-0.383759	
-0.370728	
-0.38092	
-0.382568	
-0.384552	
-0.384552	
-0.382416	
-0.366608	
-0.374146	
-0.369751	
-0.374054	
-0.386963	
-0.374634	
-0.383331	
-0.379395	
-0.382446	
-0.382477	
-0.382416	
-0.379395	
-0.377686	
-0.380219	
-0.387543	
-0.377045	
-0.37384	
-0.372253	
-0.385529	
-0.384216	
-0.386475	
-0.380249	
-0.378662	
-0.385101	
-0.380219	
-0.384186	
-0.386078	
-0.390503	
-0.374512	
-0.389801	
-0.392578	
-0.392975	
-0.387146	
-0.386047	
-0.378967	
-0.379974	
-0.373535	
-0.384064	
-0.382477	
-0.388611	
-0.388489	
-0.397797	
-0.38324	
-0.386139	
-0.391327	
-0.376556	
-0.375702	
-0.386292	
-0.389557	
-0.376404	
-0.371063	
-0.376709	
-0.373901	
-0.382172	
-0.37915	
-0.38443	
-0.386017	
-0.381317	
-0.384155	
-0.386353	
-0.375092	
-0.364075	
-0.377899	
-0.37854	
-0.377991	
-0.387451	
-0.384247	
-0.378387	
-0.374146	
-0.37973	
-0.391937	
-0.389008	
-0.381195	
-0.377472	
-0.381561	
-0.385193	
-0.378387	
-0.387543	
-0.381897	
-0.380707	
-0.377655	
-0.38382	
-0.375397	
-0.38147	
-0.386902	
-0.390533	
-0.392975	
-0.381653	
-0.382172	
-0.374664	
-0.399628	
-0.392975	
-0.388977	
-0.388428	
-0.38678	
-0.382355	
-0.389008	
-0.379211	
-0.381653	
-0.38028	
-0.391998	
-0.38913	
-0.395966	
-0.389771	
-0.388611	
-0.383179	
-0.384399	
-0.380341	
-0.383942	
-0.387909	
-0.374084	
-0.368011	
-0.385406	
-0.385742	
-0.378601	
-0.380585	
-0.384613	
-0.383606	
-0.381805	
-0.382477	
-0.383179	
-0.387238	
-0.369568	
-0.368439	
-0.379608	
-0.382294	
-0.38736	
-0.384186	
-0.385223	
-0.372711	
-0.381042	
-0.386444	
-0.378754	
-0.378143	
-0.389191	
-0.381195	
-0.378052	
-0.378784	
-0.376831	
-0.372009	
-0.378326	
-0.377777	
-0.377747	
-0.36911	
-0.381256	
-0.388763	
-0.374176	
-0.379456	
-0.382751	
-0.38913	
-0.377197	
-0.398193	
-0.386017	
-0.385223	
-0.384155	
-0.371887	
-0.374451	
-0.394714	
-0.386261	
-0.391479	
-0.381256	
-0.377777	
-0.378326	
-0.411652	
-0.392487	
-0.379486	
-0.387329	
-0.378296	
-0.375824	
-0.384583	
-0.386841	
-0.371216	
-0.375031	
-0.37915	
-0.372742	
-0.378815	
-0.383911	
-0.384918	
-0.386322	
-0.386292	
-0.384918	
-0.377228	
-0.378052	
-0.367584	
-0.367432	
-0.388794	
-0.381378	
-0.385071	
-0.376801	
-0.382599	
-0.374725	
-0.385834	
-0.379333	
-0.379608	
-0.385254	
-0.391998	
-0.382874	
-0.383118	
-0.373108	
-0.373932	
-0.383698	
-0.392273	
-0.383484	
-0.382813	
-0.37558	
-0.377411	
-0.382263	
-0.380493	
-0.386902	
-0.380463	
-0.38446	
-0.382324	
-0.392151	
-0.380157	
-0.394012	
-0.389008	
-0.375916	
-0.38327	
-0.39389	
-0.38208	
-0.394165	
-0.383301	
-0.376282	
-0.380402	
-0.404633	
-0.399292	
-0.393463	
-0.383606	
-0.377502	
-0.38797	
-0.381409	
-0.388336	
-0.379669	
-0.379181	
-0.371063	
-0.379059	
-0.391754	
-0.382111	
-0.374451	
-0.381866	
-0.385773	
-0.388702	
-0.382263	
-0.381439	
-0.370514	
-0.375214	
-0.383972	
-0.375732	
-0.386536	
-0.381561	
-0.378204	
-0.370758	
-0.395966	
-0.388275	
-0.383331	
-0.380005	
-0.381165	
-0.380829	
-0.386871	
-0.381714	
-0.387482	
-0.38443	
-0.379028	
-0.378204	
-0.38504	
-0.375702	
-0.368988	
-0.383606	
-0.379456	
-0.377625	
-0.384369	
-0.384094	
-0.367615	
-0.391998	
-0.38504	
-0.379913	
-0.385864	
-0.377106	
-0.376862	
-0.388153	
-0.37619	
-0.382141	
-0.378815	
-0.38446	
-0.383514	
-0.402924	
-0.39328	
-0.385773	
-0.38736	
-0.375763	
	
