E:\DOCUMENTS AND SETTINGS\JPOTAS\MEUS DOCUMENTOS\UFRJ\RSCI-BM 12 WK SERIES\070730-RSCI-BM-09\RSCI-BM-09-RSN\070730-RSCI-BM-09-RSN-0023.ACQ
0.025000 msec/sample
1 channel
Analog input
Volts
CH1	
2000	
-0.398834	
-0.414703	
-0.42276	
-0.409485	
-0.402588	
-0.401978	
-0.419037	
-0.405487	
-0.405121	
-0.424622	
-0.398743	
-0.40332	
-0.413116	
-0.412598	
-0.426239	
-0.408966	
-0.40979	
-0.391754	
-0.41629	
-0.41803	
-0.413452	
-0.400269	
-0.409271	
-0.402161	
-0.410248	
-0.41571	
-0.407501	
-0.4086	
-0.407318	
-0.397034	
-0.418396	
-0.407654	
-0.402252	
-0.409668	
-0.408813	
-0.419891	
-0.413055	
-0.415894	
-0.400909	
-0.411469	
-0.411865	
-0.418671	
-0.415588	
-0.415527	
-0.413269	
-0.407562	
-0.408875	
-0.407257	
-0.414215	
-0.425262	
-0.403229	
-0.412872	
-0.403229	
-0.414612	
-0.411682	
-0.40033	
-0.414581	
-0.404663	
-0.41864	
-0.407959	
-0.412201	
-0.414886	
-0.416687	
-0.417053	
-0.415222	
-0.40979	
-0.393768	
-0.414948	
-0.418762	
-0.412201	
-0.420502	
-0.409332	
-0.414368	
-0.40564	
-0.404022	
-0.425964	
-0.406799	
-0.413269	
-0.410339	
-0.424072	
-0.401428	
-0.411163	
-0.401947	
-0.403076	
-0.405151	
-0.423523	
-0.421783	
-0.411469	
-0.414429	
-0.40741	
-0.389648	
-0.420502	
-0.415131	
-0.41098	
-0.403931	
-0.414459	
-0.41983	
-0.414673	
-0.413849	
-0.392822	
-0.404999	
-0.415009	
-0.422729	
-0.416229	
-0.411346	
-0.4086	
-0.414429	
-0.417694	
-0.405487	
-0.404144	
-0.418304	
-0.398224	
-0.416107	
-0.406525	
-0.414398	
-0.41861	
-0.402771	
-0.406281	
-0.399872	
-0.421021	
-0.414459	
-0.420441	
-0.411041	
-0.413147	
-0.417786	
-0.411163	
-0.404236	
-0.399841	
-0.417175	
-0.414886	
-0.407623	
-0.425568	
-0.40918	
-0.414093	
-0.404724	
-0.413361	
-0.425323	
-0.404236	
-0.417206	
-0.403931	
-0.416992	
-0.411896	
-0.415894	
-0.405548	
-0.415558	
-0.415436	
-0.41095	
-0.410919	
-0.412567	
-0.411804	
-0.410614	
-0.4086	
-0.422455	
-0.414368	
-0.421173	
-0.412292	
-0.403259	
-0.41449	
-0.411316	
-0.419983	
-0.405975	
-0.411682	
-0.414642	
-0.4151	
-0.409241	
-0.414246	
-0.412109	
-0.415344	
-0.427032	
-0.413086	
-0.407806	
-0.415558	
-0.407562	
-0.421234	
-0.416077	
-0.421417	
-0.420135	
-0.401642	
-0.412689	
-0.410187	
-0.429016	
-0.411652	
-0.415131	
-0.420166	
-0.422485	
-0.414978	
-0.410828	
-0.408295	
-0.409088	
-0.418121	
-0.412201	
-0.409607	
-0.425995	
-0.404663	
-0.419769	
-0.41217	
-0.406647	
-2.87369	
-4.09183	
-2.20804	
-1.57953	
-1.37595	
-1.25769	
3.45084	
2.73651	
0.748413	
0.148376	
-0.0835266	
-0.179352	
-0.214508	
-0.255463	
-0.286957	
-0.293976	
-0.321686	
-0.311523	
-0.323792	
-0.332214	
-0.337585	
-0.351135	
-0.347107	
-0.363525	
-0.349457	
-0.359344	
-0.36026	
-0.367889	
-0.364716	
-0.365479	
-0.366028	
-0.378387	
-0.386414	
-0.369354	
-0.376129	
-0.383911	
-0.372162	
-0.390045	
-0.383209	
-0.388733	
-0.385468	
-0.37085	
-0.385956	
-0.377625	
-0.402557	
-0.393158	
-0.396027	
-0.386536	
-0.392456	
-0.396484	
-0.392365	
-0.393372	
-0.391388	
-0.400757	
-0.401367	
-0.387909	
-0.397644	
-0.387604	
-0.408386	
-0.402496	
-0.399261	
-0.411774	
-0.393341	
-0.404602	
-0.387512	
-0.408234	
-0.402435	
-0.403381	
-0.390045	
-0.397736	
-0.403625	
-0.415771	
-0.405365	
-0.399231	
-0.401062	
-0.39978	
-0.394501	
-0.42569	
-0.399017	
-0.400787	
-0.403534	
-0.404602	
-0.418945	
-0.405487	
-0.403564	
-0.391327	
-0.398315	
-0.402832	
-0.402893	
-0.390472	
-0.397797	
-0.407532	
-0.409302	
-0.416748	
-0.404236	
-0.399567	
-0.406464	
-0.407166	
-0.422516	
-0.415039	
-0.413818	
-0.4039	
-0.398315	
-0.423096	
-0.419464	
-0.431519	
-0.416382	
-0.418427	
-0.41507	
-0.42514	
-0.41684	
-0.415131	
-0.414398	
-0.408783	
-0.41745	
-0.407959	
-0.403229	
-0.418427	
-0.399475	
-0.404358	
-0.404602	
-0.411865	
-0.423157	
-0.407379	
-0.418182	
-0.412292	
-0.439636	
-0.430664	
-0.428162	
-0.420563	
-0.427032	
-0.42453	
-0.425964	
-0.418823	
-0.416351	
-0.420166	
-0.419342	
-0.403046	
-0.432129	
-0.422699	
-0.428589	
-0.422058	
-0.427002	
-0.433014	
-0.414459	
-0.425751	
-0.415283	
-0.414764	
-0.409332	
-0.417389	
-0.41626	
-0.418671	
-0.421234	
-0.417877	
-0.423645	
-0.410858	
-0.409332	
-0.410004	
-0.405762	
-0.424042	
-0.406311	
-0.410492	
-0.415741	
-0.399872	
-0.418671	
-0.413391	
-0.422211	
-0.41098	
-0.425415	
-0.413818	
-0.423584	
-0.425171	
-0.421478	
-0.423035	
-0.410065	
-0.415405	
-0.415924	
-0.414703	
-0.414307	
-0.410553	
-0.415253	
-0.409882	
-0.415039	
-0.422241	
-0.406067	
-0.423157	
-0.404907	
-0.415466	
-0.408905	
-0.401672	
-0.39801	
-0.413483	
-0.408356	
-0.419708	
-0.416168	
-0.402924	
-0.400085	
-0.410828	
-0.40033	
-0.433868	
-0.413208	
-0.408508	
-0.409363	
-0.413849	
-0.412048	
-0.414551	
-0.427155	
-0.401611	
-0.416046	
-0.419281	
-0.411346	
-0.407257	
-0.417603	
-0.410431	
-0.406586	
-0.424774	
-0.412659	
-0.417023	
-0.419861	
-0.408295	
-0.420044	
-0.412445	
-0.41983	
-0.41217	
-0.398804	
-0.418152	
-0.410126	
-0.425629	
-0.406342	
-0.418671	
-0.412994	
-0.412689	
-0.417267	
-0.419128	
-0.416321	
-0.400208	
-0.404449	
-0.404907	
-0.411346	
-0.409851	
-0.394165	
-0.412109	
-0.411896	
-0.411224	
-0.424072	
-0.405945	
-0.409698	
-0.408508	
-0.423798	
-0.42392	
-0.424377	
-0.407318	
-0.413208	
-0.420288	
-0.417755	
-0.41217	
-0.409271	
-0.412018	
-0.418365	
-0.407715	
-0.418793	
-0.406738	
-0.417206	
-0.402557	
-0.406555	
-0.413147	
-0.409515	
-0.420013	
-0.400604	
-0.409302	
-0.405975	
-0.407501	
-0.406433	
-0.411163	
-0.412842	
-0.415924	
-0.425568	
-0.405548	
-0.416138	
-0.419586	
-0.396271	
-0.423248	
-0.413116	
-0.412964	
-0.407837	
-0.402161	
-0.414185	
-0.404419	
-0.428528	
-0.399323	
-0.40213	
-0.409637	
-0.416992	
-0.414185	
-0.412964	
-0.405365	
-0.400269	
-0.41568	
-0.414368	
-0.406433	
-0.409546	
-0.398376	
-0.41098	
-0.409912	
-0.412659	
-0.422729	
-0.405823	
-0.413849	
-0.398834	
-0.416046	
-0.417786	
-0.410614	
-0.396881	
-0.41095	
-0.407745	
-0.410889	
-0.409058	
-0.401306	
-0.409546	
-0.404266	
-0.401703	
-0.420166	
-0.40744	
-0.409485	
-0.40448	
-0.410614	
-0.417511	
-0.405762	
-0.406311	
-0.395721	
-0.414703	
-0.409363	
-0.41745	
-0.406555	
-0.403656	
-0.41095	
-0.410583	
-0.413391	
-0.40274	
-0.41153	
-0.415771	
-0.407745	
-0.42572	
-0.40329	
-0.414856	
-0.412201	
-0.385529	
-0.407715	
-0.407776	
-0.426575	
-0.401337	
-0.408112	
-0.40564	
-0.414886	
-0.414978	
-0.414581	
-0.405273	
-0.405457	
-0.411774	
-0.408813	
-0.40451	
-0.417603	
-0.393066	
-0.402069	
-0.402832	
-0.407043	
-0.414307	
-0.401581	
-0.407196	
-0.398224	
-0.417694	
-0.415405	
-0.410583	
-0.398529	
-0.407806	
-0.413116	
-0.411194	
-0.404114	
-0.40451	
-0.414063	
-0.412445	
-0.40448	
-0.414093	
-0.401337	
-0.417175	
-0.408173	
-0.414307	
-0.427368	
-0.405243	
-0.415314	
-0.398773	
-0.411835	
-0.41217	
-0.415527	
-0.397186	
-0.397675	
-0.411957	
-0.411224	
-0.425354	
-0.4086	
-0.402283	
-0.411224	
-0.402191	
-0.422272	
-0.415009	
-0.416504	
-0.404724	
-0.392883	
-0.422943	
-0.411011	
-0.42514	
-0.401428	
-0.407013	
-0.409271	
-0.425659	
-0.414795	
-0.422943	
-0.399872	
-0.397858	
-0.412628	
-0.415375	
-0.409271	
-0.421722	
-0.392273	
-0.402039	
-0.410309	
-0.415558	
-0.410339	
-0.398773	
-0.400909	
-0.402893	
-0.416656	
-0.408264	
-0.414246	
-0.407745	
-0.407898	
-0.402496	
-0.406403	
-0.411804	
-0.407593	
-0.412628	
-0.404205	
-0.401154	
-0.420502	
-0.399567	
-0.40744	
-0.407257	
-0.419006	
-0.429016	
-0.400177	
-0.410706	
-0.407928	
-0.424286	
-0.409698	
-0.405334	
-0.404388	
-0.404327	
-0.408997	
-0.40094	
-0.421967	
-0.415405	
-0.411896	
-0.406921	
-0.400421	
-0.418091	
-0.4086	
-0.409149	
-0.413696	
-0.402435	
-0.416595	
-0.405487	
-0.421478	
-0.397491	
-0.404633	
-0.403168	
-0.419525	
-0.413483	
-0.419891	
-0.405853	
-0.407562	
-0.411621	
-0.412689	
-0.40332	
-0.412079	
-0.395935	
-0.415314	
-0.410248	
-0.409088	
-0.402344	
-0.404907	
-0.411835	
-0.39325	
-0.408234	
-0.413025	
-0.408478	
-0.405792	
-0.412018	
-0.41217	
-0.407532	
-0.403076	
-0.391357	
-0.407196	
-0.413971	
-0.40567	
-0.419403	
-0.403107	
-0.407532	
-0.407593	
-0.416351	
-0.422882	
-0.404236	
-0.416962	
-0.405609	
-0.421661	
-0.413391	
-0.407288	
-0.398834	
-0.397888	
-0.410095	
-0.418701	
-0.428986	
-0.4086	
-0.410309	
-0.412537	
-0.4104	
-0.4216	
-0.411774	
-0.413818	
-0.412415	
-0.394592	
-0.417053	
-0.412292	
-0.426483	
-0.40506	
-0.411346	
-0.408478	
-0.41748	
-0.41037	
-0.422943	
-0.418488	
-0.417328	
-0.409119	
-0.407745	
-0.404541	
-0.415344	
-0.400818	
-0.419678	
-0.407959	
-0.406616	
-0.402802	
-0.407013	
-0.409851	
-0.402985	
-0.416229	
-0.413422	
-0.40918	
-0.410492	
-0.417755	
-0.411835	
-0.404663	
-0.408813	
-0.404083	
-0.417725	
-0.414215	
-0.407776	
-0.417206	
-0.395538	
-0.413391	
-0.410187	
-0.415436	
-0.420349	
-0.410522	
-0.426788	
-0.398468	
-0.411774	
-0.406769	
-0.41626	
-0.408783	
-0.4039	
-0.407928	
-0.414581	
-0.423523	
-0.40683	
-0.410034	
-0.410553	
-0.405701	
-0.424805	
-0.40564	
-0.409546	
-0.415924	
-0.404236	
-0.418213	
-0.408112	
-0.417389	
-0.4039	
-0.410767	
-0.413239	
-0.425812	
-0.416931	
-0.418243	
-0.410583	
-0.409912	
-0.413452	
-0.421967	
-0.41571	
-0.408966	
-0.408722	
-0.421448	
-0.40744	
-0.415222	
-0.409546	
-0.398407	
-0.413788	
-0.419128	
-0.422943	
-0.407837	
-0.403687	
-0.400238	
-0.419556	
-0.426941	
-0.417633	
-0.406525	
-0.402161	
-0.415955	
-0.411102	
-0.416962	
-0.427216	
-0.398621	
-0.417297	
-0.408661	
-0.411102	
-0.433838	
-0.415955	
-0.420166	
-0.395142	
-0.414093	
-0.412506	
-0.423279	
-0.412842	
-0.408508	
-0.415405	
-0.413086	
-0.414581	
-0.414886	
-0.419678	
-0.418701	
-0.410919	
-0.420349	
-0.41098	
-0.419983	
-0.417175	
-0.40213	
-0.422394	
-0.41156	
-0.425354	
-0.410583	
-0.414856	
-0.414948	
-0.4245	
-0.411285	
-0.421661	
-0.411957	
-0.402954	
-0.421295	
-0.417206	
-0.409332	
-0.413849	
-0.408112	
-0.415619	
-0.414917	
-0.416901	
-0.401581	
-0.402191	
-0.416565	
-0.408508	
-0.419952	
-0.41391	
-0.417267	
-0.407898	
-0.415863	
-0.415924	
-0.411926	
-0.412964	
-0.403748	
-0.419525	
-0.41568	
-0.417053	
-0.423401	
-0.401947	
-0.419403	
-0.410522	
-0.413452	
-0.43158	
-0.408813	
-0.419159	
-0.402191	
-0.42511	
-0.414764	
-0.412933	
-0.401855	
-0.412811	
-0.419373	
-0.416077	
-0.416504	
-0.415955	
-0.412018	
-0.417511	
-0.411255	
-0.420685	
-0.410583	
-0.417786	
-0.4151	
-0.409912	
-0.42688	
-0.417206	
-0.422852	
-0.402649	
-0.419067	
-0.422211	
-0.419281	
-0.410278	
-0.417908	
-0.41391	
-0.417847	
-0.422943	
-0.411377	
-0.414581	
-0.415283	
-0.399445	
-0.417084	
-0.413879	
-0.41333	
-0.415649	
-0.404602	
-0.41629	
-0.398987	
-0.424622	
-0.409973	
-0.419189	
-0.411285	
-0.41806	
-0.417053	
-0.411041	
-0.413239	
-0.408081	
-0.418091	
-0.407684	
-0.40979	
-0.420898	
-0.411804	
-0.425323	
-0.410522	
-0.405304	
-0.419189	
-0.41153	
-0.425812	
-0.405334	
-0.41568	
-0.411163	
-0.417816	
-0.408722	
-0.414734	
-0.404327	
-0.401733	
-0.416473	
-0.418213	
-0.414307	
-0.420013	
-0.408844	
-0.420929	
-0.413788	
-0.41156	
-0.40744	
-0.41806	
-0.426025	
-0.411224	
-0.421814	
-0.411774	
-0.419861	
-0.418762	
-0.422577	
-0.404968	
-0.415283	
-0.417816	
-0.4151	
-0.417908	
-0.422913	
-0.419586	
-0.414063	
-0.401459	
-0.423096	
-0.412842	
-0.41217	
-0.406219	
-0.401703	
-0.423889	
-0.414581	
-0.426331	
-0.404877	
-0.405212	
-0.409729	
-0.425293	
-0.429291	
-0.414551	
-0.414337	
-0.405914	
-0.413208	
-0.404785	
-0.410522	
-0.423431	
-0.396484	
-0.41803	
-0.422455	
-0.423645	
-0.422089	
-0.410614	
-0.415131	
-0.390137	
-0.413177	
-0.420807	
-0.418152	
-0.410706	
-0.415955	
-0.406952	
-0.414459	
-0.422241	
-0.411255	
-0.40741	
-0.417999	
-0.409271	
-0.424194	
-0.421509	
-0.414642	
-0.40686	
-0.412598	
-0.423492	
-0.413971	
-0.42395	
-0.410095	
-0.416321	
-0.416901	
-0.424316	
-0.411163	
-0.410797	
-0.40979	
-0.416504	
-0.423401	
-0.415985	
-0.413788	
-0.419769	
-0.406219	
-0.420868	
-0.407013	
-0.415375	
-0.409271	
-0.398102	
-0.411896	
-0.399811	
-0.421783	
-0.410431	
-0.410522	
-0.405212	
-0.412079	
-0.415955	
-0.408051	
-0.405792	
-0.402252	
-0.419586	
-0.414246	
-0.405426	
-0.411499	
-0.39035	
-0.419098	
-0.41156	
-0.41983	
-0.424622	
-0.396698	
-0.408539	
-0.407074	
-0.421814	
-0.413757	
-0.415955	
-0.399261	
-0.400787	
-0.415833	
-0.419891	
-0.41452	
-0.412262	
-0.416138	
-0.413422	
-0.407593	
-0.422729	
-0.403687	
-0.405609	
-0.409393	
-0.41864	
-0.421326	
-0.410248	
-0.415131	
-0.405609	
-0.409821	
-0.410889	
-0.423981	
-0.410736	
-0.406891	
-0.407532	
-0.420258	
-0.423157	
-0.411011	
-0.410126	
-0.412659	
-0.399597	
-0.422607	
-0.405121	
-0.418427	
-0.414398	
-0.40036	
-0.412964	
-0.399902	
-0.423584	
-0.401611	
-0.413116	
-0.40567	
-0.423828	
-0.416229	
-0.407928	
-0.408569	
-0.402313	
-0.413208	
-0.406433	
-0.401855	
-0.418854	
-0.407074	
-0.424347	
-0.411133	
-0.408691	
-0.413727	
-0.404388	
-0.4216	
-0.401306	
-0.414307	
-0.410767	
-0.407379	
-0.402374	
-0.411652	
-0.411469	
-0.404938	
-0.417419	
-0.414642	
-0.417572	
-0.41272	
-0.396057	
-0.41098	
-0.416504	
-0.41922	
-0.404999	
-0.406494	
-0.409363	
-0.402954	
-0.421967	
-0.412598	
-0.40799	
-0.413055	
-0.414978	
-0.402832	
-0.409912	
-0.409332	
-0.410645	
-0.424927	
-0.406891	
-0.402313	
-0.40979	
-0.400757	
-0.416077	
-0.404572	
-0.404663	
-0.397369	
-0.398193	
-0.415833	
-0.394623	
-0.418976	
-0.400208	
-0.409821	
-0.404816	
-0.411285	
-0.405914	
-0.410797	
-0.398163	
-0.396118	
-0.414337	
-0.405579	
-0.401093	
-0.419708	
-0.39978	
-0.417206	
-0.404694	
-0.401245	
-0.418915	
-0.40036	
-0.411591	
-0.4039	
-0.409637	
-0.404022	
-0.415344	
-0.397522	
-0.401978	
-0.412811	
-0.412354	
-0.412292	
-0.41391	
-0.407898	
-0.4086	
-0.410431	
-0.413605	
-0.394073	
-0.406586	
-0.404663	
-0.411346	
-0.428986	
-0.407959	
-0.415314	
-0.40451	
-0.410889	
-0.405426	
-0.41748	
-0.402466	
-0.398499	
-0.410187	
-0.413544	
-0.414825	
-0.402435	
-0.407288	
-0.401733	
-0.392303	
-0.41806	
-0.410614	
-0.411133	
-0.400848	
-0.39212	
-0.409698	
-0.392609	
-0.41983	
-0.404449	
-0.405884	
-0.401245	
-0.409576	
-0.401001	
-0.412048	
-0.415955	
-0.395966	
-0.408783	
-0.411804	
-0.397797	
-0.406677	
-0.39502	
-0.408813	
-0.411163	
-0.412506	
-0.4104	
-0.387848	
-0.407166	
-0.395264	
-0.410278	
-0.405182	
-0.410034	
-0.401337	
-0.406799	
-0.410767	
-0.40799	
-0.408173	
-0.398499	
-0.39859	
-0.414948	
-0.409546	
-0.417999	
-0.402344	
-0.405945	
-0.3992	
-0.41983	
-0.429535	
-0.399933	
-0.408478	
-0.399109	
-0.415833	
-0.418335	
-0.420349	
-0.402222	
-0.395996	
-0.404022	
-0.416656	
-0.422943	
-0.401215	
-0.403503	
-0.411011	
-0.402771	
-0.423492	
-0.406555	
-0.401398	
-0.392365	
-0.398743	
-0.420715	
-0.407074	
-0.40741	
-0.391663	
-0.415466	
-0.411804	
-0.40976	
-0.406342	
-0.406494	
-0.406616	
-0.397125	
-0.404388	
-0.403351	
-0.4104	
-0.420319	
-0.393036	
-0.40094	
-0.411743	
-0.414551	
-0.406769	
-0.395447	
-0.41333	
-0.402252	
-0.415161	
-0.402344	
-0.400238	
-0.396271	
-0.416138	
-0.411987	
-0.406372	
-0.407837	
-0.410919	
-0.405823	
-0.402527	
-0.395355	
-0.410736	
-0.400635	
-0.413635	
-0.410095	
-0.417236	
-0.418884	
-0.399902	
-0.419739	
-0.405365	
-0.408051	
-0.406494	
-0.417725	
-0.406982	
-0.406616	
-0.413239	
-0.412567	
-0.413055	
-0.398712	
-0.404724	
-0.412109	
-0.40686	
-0.421997	
-0.401917	
-0.407898	
-0.399811	
-0.397766	
-0.408722	
-0.396301	
-0.416016	
-0.404022	
-0.40799	
-0.404785	
-0.40686	
-0.404358	
-0.406281	
-0.408905	
-0.397644	
-0.412048	
-0.408173	
-0.405792	
-0.415161	
-0.396271	
-0.403442	
-0.410065	
-0.412323	
-0.414703	
-0.39743	
-0.406342	
-0.394867	
-0.418213	
-0.401764	
-0.407013	
-0.407471	
-0.412659	
-0.413544	
-0.409943	
-0.398834	
-0.408264	
-0.409302	
-0.413239	
-0.40686	
-0.413574	
-0.402924	
-0.412994	
-0.402588	
-0.417755	
-0.428467	
-0.405701	
-0.418121	
-0.408386	
-0.415466	
-0.413574	
-0.418823	
-0.410065	
-0.408508	
-0.402649	
-0.404572	
-0.421448	
-0.412476	
-0.417786	
-0.419952	
-0.396881	
-0.409698	
-0.403503	
-0.413971	
-0.400024	
-0.399506	
-0.418243	
-0.406311	
-0.42514	
-0.406097	
-0.406586	
-0.397858	
-0.411407	
-0.413788	
-0.413818	
-0.415039	
-0.397369	
-0.405762	
-0.407135	
-0.406921	
-0.41394	
-0.404846	
-0.416168	
-0.406799	
-0.411041	
-0.41507	
-0.397278	
-0.411316	
-0.402344	
-0.412842	
-0.411987	
-0.403473	
-0.397095	
-0.418732	
-0.413696	
-0.412415	
-0.404755	
-0.404968	
-0.41217	
-0.409515	
-0.398376	
-0.416321	
-0.411713	
-0.417633	
-0.40329	
-0.413483	
-0.424103	
-0.413513	
-0.411987	
-0.398254	
-0.418396	
-0.414734	
-0.42337	
-0.409973	
-0.404694	
-0.409485	
-0.415924	
-0.422272	
-0.406372	
-0.411987	
-0.413208	
-0.398315	
-0.42572	
-0.408356	
-0.414185	
-0.406036	
-0.398285	
-0.420929	
-0.409698	
-0.422699	
-0.401062	
-0.410126	
-0.404449	
-0.415192	
-0.416168	
-0.416626	
-0.409332	
-0.397827	
-0.411316	
-0.409943	
-0.407532	
-0.417816	
-0.403473	
-0.416412	
-0.401489	
-0.407135	
-0.415955	
-0.405243	
-0.420227	
-0.412323	
-0.406647	
-0.397705	
-0.416229	
-0.411224	
-0.414154	
-0.419098	
-0.416351	
-0.405457	
-0.407898	
-0.411682	
-0.415833	
-0.415375	
-0.412476	
-0.411957	
-0.424408	
-0.404053	
-0.412872	
-0.422913	
-0.405853	
-0.42215	
-0.414032	
-0.416321	
-0.416199	
-0.423798	
-0.403259	
-0.412964	
-0.411407	
-0.412842	
-0.42865	
-0.411896	
-0.415222	
-0.422424	
-0.397705	
-0.417816	
-0.411133	
-0.414795	
-0.406555	
-0.407684	
-0.425903	
-0.408264	
-0.424103	
-0.404846	
-0.420471	
-0.409363	
-0.411987	
-0.408356	
-0.421539	
-0.418213	
-0.409698	
-0.411591	
-0.412628	
-0.405579	
-0.417389	
-0.405518	
-0.41391	
-0.410461	
-0.422638	
-0.412201	
-0.401306	
-0.420166	
-0.402893	
-0.411102	
-0.403137	
-0.412903	
-0.414429	
-0.418579	
-0.413147	
-0.413269	
-0.408264	
-0.406097	
-0.416809	
-0.420013	
-0.416656	
-0.420044	
-0.400696	
-0.409058	
-0.405945	
-0.419769	
-0.425934	
-0.412384	
-0.425018	
-0.407043	
-0.409576	
-0.404572	
-0.429199	
-0.416931	
-0.412903	
-0.42099	
-0.411102	
-0.420654	
-0.414246	
-0.414185	
-0.419128	
-0.41394	
-0.420319	
-0.404785	
-0.420654	
-0.414612	
-0.411621	
-0.42865	
-0.403107	
-0.424408	
-0.410339	
-0.41806	
-0.418091	
-0.422363	
-0.407562	
-0.416718	
-0.408691	
-0.404663	
-0.419098	
-0.421478	
-0.404541	
-0.423248	
-0.408295	
-0.420441	
-0.410553	
-0.410339	
-0.406769	
-0.405487	
-0.4151	
-0.409485	
-0.423309	
-0.404724	
-0.409424	
-0.403442	
-0.414032	
-0.412537	
-0.420319	
-0.411621	
-0.405701	
-0.405518	
-0.411499	
-0.419067	
-0.422821	
-0.401367	
-0.412262	
-0.414429	
-0.418884	
-0.41864	
-0.404785	
-0.423737	
-0.414764	
-0.420288	
-0.409424	
-0.408508	
-0.410492	
-0.415131	
-0.413788	
-0.410583	
-0.428589	
-0.416443	
-0.412384	
-0.413971	
-0.41095	
-0.420837	
-0.411621	
-0.418854	
-0.416107	
-0.409485	
-0.42511	
-0.411926	
-0.432007	
-0.408325	
-0.413177	
-0.417114	
-0.427765	
-0.415192	
-0.416656	
-0.410645	
-0.412506	
-0.411621	
-0.416473	
-0.418457	
-0.420502	
-0.410553	
-0.416138	
-0.407745	
-0.41568	
-0.413147	
-0.404846	
-0.412872	
-0.402069	
-0.418121	
-0.410858	
-0.41449	
-0.409363	
-0.419647	
-0.409058	
-0.410492	
-0.408997	
-0.408936	
-0.419037	
-0.420288	
-0.412659	
-0.422241	
-0.398621	
-0.414215	
-0.405365	
-0.420319	
-0.42334	
-0.412079	
-0.422974	
-0.408051	
-0.4133	
-0.407959	
-0.409729	
-0.411957	
-0.416809	
-0.419556	
-0.414215	
-0.42038	
-0.403778	
-0.411163	
-0.412537	
-0.407013	
-0.419647	
-0.412964	
-0.416351	
-0.412903	
-0.404053	
-0.426636	
-0.409302	
-0.422211	
-0.409637	
-0.419006	
-0.408234	
-0.414978	
-0.412292	
-0.418152	
-0.411285	
-0.404083	
-0.408844	
-0.415588	
-0.410553	
-0.414459	
-0.415405	
-0.428467	
-0.40921	
-0.411072	
-0.407806	
-0.40274	
-0.418091	
-0.406952	
-0.410767	
-0.407593	
-0.414063	
-0.411133	
-0.418549	
-0.407501	
-0.409302	
-0.411499	
-0.411011	
-0.418732	
-0.409454	
-0.403503	
-0.415497	
-0.401733	
-0.420471	
-0.411133	
-0.41391	
-0.417664	
-0.411377	
-0.419159	
-0.395203	
-0.407776	
-0.413544	
-0.422302	
-0.406921	
-0.416046	
-0.417999	
-0.414734	
-0.420105	
-0.405518	
-0.415588	
-0.417236	
-0.401428	
-0.41983	
-0.410522	
-0.414459	
-0.407196	
-0.405334	
-0.426056	
-0.413391	
-0.416107	
-0.40564	
-0.419067	
-0.413452	
-0.417664	
-0.411652	
-0.412506	
-0.405426	
-0.409454	
-0.416412	
-0.411499	
-0.409973	
-0.41156	
-0.413025	
-0.412872	
-0.405823	
-0.41684	
-0.406158	
-0.399048	
-0.420258	
-0.409912	
-0.409332	
-0.405518	
-0.415955	
-0.398621	
-0.411682	
-0.408783	
-0.404236	
-0.408295	
-0.407501	
-0.419464	
-0.407928	
-0.400818	
-0.411926	
-0.402618	
-0.427795	
-0.415588	
-0.413971	
-0.407501	
-0.393982	
-0.414734	
-0.403473	
-0.416809	
-0.408997	
-0.409729	
-0.399597	
-0.409851	
-0.408142	
-0.412689	
-0.425659	
-0.403473	
-0.395386	
-0.413269	
-0.402161	
-0.414093	
-0.408447	
-0.408295	
-0.406738	
-0.403656	
-0.415131	
-0.405151	
-0.41806	
-0.398193	
-0.411957	
-0.415283	
-0.411987	
-0.407013	
-0.408569	
-0.404602	
-0.419006	
-0.417206	
-0.401886	
-0.40744	
-0.411652	
-0.407349	
-0.412323	
-0.403259	
-0.404968	
-0.405945	
-0.402863	
-0.410492	
-0.404022	
-0.417877	
-0.409546	
-0.411926	
-0.400604	
-0.411469	
-0.402679	
-0.40567	
-0.410309	
-0.392761	
-0.409058	
-0.418457	
-0.411072	
-0.409149	
-0.399323	
-0.41748	
-0.405792	
-0.414734	
-0.418762	
-0.394623	
-0.413574	
-0.400879	
-0.415375	
-0.395203	
-0.407898	
-0.39856	
-0.407257	
-0.400177	
-0.414215	
-0.409851	
-0.405365	
-0.404266	
-0.408264	
-0.398132	
-0.417328	
-0.408447	
-0.413483	
-0.403717	
-0.402405	
-0.411713	
-0.406036	
-0.419037	
-0.406342	
-0.41626	
-0.408234	
-0.404755	
-0.405731	
-0.408661	
-0.408325	
-0.414337	
-0.413208	
-0.409393	
-0.40271	
-0.401337	
-0.401978	
-0.413574	
-0.408569	
-0.408539	
-0.401001	
-0.395416	
-0.416473	
-0.40271	
-0.420624	
-0.395355	
-0.411865	
-0.4021	
-0.410004	
-0.410004	
-0.407043	
-0.403687	
-0.395538	
-0.41095	
-0.399445	
-0.408691	
-0.423523	
-0.399261	
-0.416718	
-0.403076	
-0.410492	
-0.419067	
-0.398163	
-0.410095	
-0.392609	
-0.411194	
-0.409973	
-0.417175	
-0.400391	
-0.399963	
-0.402954	
-0.409485	
-0.41568	
-0.415985	
-0.404694	
-0.408813	
-0.394257	
-0.40863	
-0.406311	
-0.41272	
-0.401337	
-0.408813	
-0.413818	
-0.396698	
-0.417603	
-0.412201	
-0.412964	
-0.409882	
-0.411224	
-0.397491	
-0.410217	
-0.41333	
-0.408417	
-0.414948	
-0.412598	
-0.407288	
-0.404877	
-0.406738	
-0.415131	
-0.403931	
-0.412018	
-0.402893	
-0.397034	
-0.414398	
-0.404877	
-0.419159	
-0.403442	
-0.410095	
-0.402924	
-0.409729	
-0.407074	
-0.400024	
-0.406555	
-0.392456	
	
