E:\DOCUMENTS AND SETTINGS\JPOTAS\MEUS DOCUMENTOS\UFRJ\RSCI-BM 12 WK SERIES\070727-RSCI-BM-05\RSCI-BM-05-RSN\070727-RSCI-BM-05-RSN-0018.ACQ
0.025000 msec/sample
1 channel
Analog input
Volts
CH1	
2000	
-0.444183	
-0.446625	
-0.460388	
-0.468353	
-0.446075	
-0.452667	
-0.459686	
-0.447937	
-0.451813	
-0.449219	
-0.459106	
-0.457306	
-0.455414	
-0.440979	
-0.452057	
-0.460541	
-0.456024	
-0.455872	
-0.452545	
-0.449768	
-0.447571	
-0.455383	
-0.456055	
-0.467377	
-0.459534	
-0.453308	
-0.457886	
-0.449738	
-0.45813	
-0.451355	
-0.454102	
-0.460388	
-0.469025	
-0.446472	
-0.447327	
-0.455078	
-0.44162	
-0.453918	
-0.46347	
-0.45752	
-0.451111	
-0.451202	
-0.444427	
-0.453308	
-0.45163	
-0.445953	
-0.456848	
-0.458191	
-0.461578	
-0.456421	
-0.450409	
-0.452332	
-0.461975	
-0.468506	
-0.451324	
-0.455475	
-0.458893	
-0.460815	
-0.451813	
-0.462036	
-0.464294	
-0.46405	
-0.457336	
-0.454041	
-0.450775	
-0.456421	
-0.466064	
-0.464996	
-0.459961	
-0.445465	
-0.464386	
-0.4617	
-0.451935	
-0.452301	
-0.467896	
-0.464508	
-0.456573	
-0.45929	
-0.448303	
-0.454651	
-0.455261	
-0.463745	
-0.460083	
-0.464233	
-0.465179	
-0.458618	
-0.454773	
-0.451782	
-0.46936	
-0.467346	
-0.461426	
-0.459747	
-0.461334	
-0.4599	
-0.451477	
-0.450653	
-0.459167	
-0.461517	
-0.453247	
-0.455078	
-0.464264	
-0.466675	
-0.462769	
-0.459991	
-0.457336	
-0.451385	
-0.450317	
-0.447876	
-0.465515	
-0.458801	
-0.451324	
-0.454285	
-0.469666	
-0.463165	
-0.454163	
-0.449921	
-0.448181	
-0.456848	
-0.467834	
-0.467102	
-0.465057	
-0.46463	
-0.452148	
-0.4534	
-0.461029	
-0.458191	
-0.462616	
-0.45755	
-0.463684	
-0.466888	
-0.456635	
-0.438934	
-0.459564	
-0.476715	
-0.454163	
-0.462189	
-0.460175	
-0.456512	
-0.450653	
-0.458221	
-0.45816	
-0.466217	
-0.46402	
-0.453705	
-0.463531	
-0.450043	
-0.459869	
-0.462738	
-0.46463	
-0.466919	
-0.466644	
-0.457916	
-0.461182	
-0.474396	
-0.461334	
-0.458557	
-0.473083	
-0.464752	
-0.453278	
-0.463806	
-0.468781	
-0.472504	
-0.47113	
-0.455078	
-0.461609	
-0.470154	
-0.471344	
-0.459045	
-0.468506	
-0.464233	
-0.463165	
-0.470215	
-0.465027	
-0.467377	
-0.459137	
-0.466827	
-0.469727	
-0.472198	
-0.463501	
-0.465454	
-0.461639	
-0.464966	
-0.467316	
-0.458801	
-0.468903	
-0.466034	
-0.474609	
-0.46347	
-0.45575	
-0.454498	
-0.467865	
-0.474823	
-0.468048	
-0.464233	
-0.460541	
-0.464294	
-0.453674	
-3.01868	
-5.09543	
-2.57907	
-1.68765	
-1.3624	
-1.22537	
3.38971	
3.72913	
1.16064	
0.268311	
-0.0452271	
-0.18689	
-0.266022	
-0.30722	
-0.330231	
-0.344818	
-0.370636	
-0.371674	
-0.38504	
-0.391998	
-0.39801	
-0.391876	
-0.400909	
-0.393646	
-0.405701	
-0.416992	
-0.416046	
-0.41449	
-0.417725	
-0.427612	
-0.419647	
-0.415497	
-0.419342	
-0.426758	
-0.429626	
-0.426514	
-0.439178	
-0.437073	
-0.428833	
-0.429932	
-0.433746	
-0.430328	
-0.434814	
-0.439697	
-0.440918	
-0.459229	
-0.436523	
-0.430023	
-0.442139	
-0.449829	
-0.445862	
-0.447052	
-0.448914	
-0.441437	
-0.456421	
-0.444702	
-0.443085	
-0.44162	
-0.45639	
-0.458893	
-0.447418	
-0.44223	
-0.446198	
-0.461182	
-0.460754	
-0.454651	
-0.437836	
-0.436462	
-0.442719	
-0.447052	
-0.450775	
-0.447388	
-0.444061	
-0.435455	
-0.439819	
-0.433044	
-0.449921	
-0.453979	
-0.466278	
-0.48053	
-0.475006	
-0.478058	
-0.48111	
-0.492889	
-0.47937	
-0.473694	
-0.466309	
-0.47168	
-0.461121	
-0.456024	
-0.450867	
-0.451508	
-0.462219	
-0.453094	
-0.451782	
-0.444702	
-0.45636	
-0.448212	
-0.465881	
-0.484558	
-0.472198	
-0.463837	
-0.460724	
-0.467957	
-0.469482	
-0.483063	
-0.480042	
-0.474152	
-0.47345	
-0.472107	
-0.479401	
-0.466675	
-0.473236	
-0.460907	
-0.46463	
-0.473907	
-0.474518	
-0.461395	
-0.470398	
-0.484131	
-0.468536	
-0.472229	
-0.474396	
-0.471649	
-0.464874	
-0.474579	
-0.468933	
-0.475311	
-0.483704	
-0.48233	
-0.477997	
-0.478027	
-0.476807	
-0.461243	
-0.467804	
-0.465302	
-0.476593	
-0.477234	
-0.466522	
-0.457275	
-0.452911	
-0.463806	
-0.458435	
-0.464417	
-0.46524	
-0.463806	
-0.455536	
-0.456818	
-0.46225	
-0.461792	
-0.472137	
-0.469421	
-0.471436	
-0.46283	
-0.471161	
-0.471863	
-0.481415	
-0.47464	
-0.47171	
-0.461578	
-0.455536	
-0.46463	
-0.461334	
-0.471893	
-0.46228	
-0.471802	
-0.470612	
-0.472168	
-0.469421	
-0.471405	
-0.476135	
-0.466248	
-0.478027	
-0.466949	
-0.461639	
-0.469086	
-0.467438	
-0.463898	
-0.462891	
-0.471008	
-0.466736	
-0.468903	
-0.455109	
-0.456818	
-0.464447	
-0.466614	
-0.466827	
-0.459259	
-0.458466	
-0.454315	
-0.456268	
-0.456573	
-0.463745	
-0.458801	
-0.464752	
-0.461945	
-0.465881	
-0.455475	
-0.452911	
-0.460999	
-0.470459	
-0.475037	
-0.459473	
-0.463226	
-0.469635	
-0.47467	
-0.464081	
-0.45224	
-0.46048	
-0.471588	
-0.463898	
-0.44635	
-0.457855	
-0.461243	
-0.457672	
-0.456879	
-0.465759	
-0.466095	
-0.454407	
-0.460205	
-0.461487	
-0.463898	
-0.46463	
-0.470856	
-0.46637	
-0.461273	
-0.455688	
-0.457458	
-0.461029	
-0.454742	
-0.46994	
-0.464722	
-0.472412	
-0.470245	
-0.472595	
-0.468414	
-0.465179	
-0.47934	
-0.468994	
-0.454681	
-0.466797	
-0.48288	
-0.477844	
-0.464142	
-0.466217	
-0.466766	
-0.462402	
-0.462097	
-0.460907	
-0.452057	
-0.461853	
-0.467773	
-0.471558	
-0.460114	
-0.461609	
-0.461334	
-0.452789	
-0.463501	
-0.470581	
-0.47699	
-0.46286	
-0.474243	
-0.463989	
-0.456451	
-0.464172	
-0.46701	
-0.463196	
-0.476593	
-0.478699	
-0.456696	
-0.4664	
-0.456573	
-0.450073	
-0.464233	
-0.47345	
-0.471008	
-0.467255	
-0.46344	
-0.458252	
-0.469269	
-0.458588	
-0.465363	
-0.476563	
-0.464386	
-0.458984	
-0.46225	
-0.461487	
-0.464172	
-0.464508	
-0.452209	
-0.46228	
-0.459045	
-0.446136	
-0.446289	
-0.452209	
-0.457733	
-0.44931	
-0.443146	
-0.437286	
-0.462982	
-0.451721	
-0.446564	
-0.449341	
-0.449982	
-0.448242	
-0.454468	
-0.453552	
-0.449585	
-0.450165	
-0.447662	
-0.462067	
-0.455139	
-0.43927	
-0.444244	
-0.457153	
-0.455078	
-0.453125	
-0.455414	
-0.454651	
-0.462646	
-0.455872	
-0.454956	
-0.453796	
-0.447449	
-0.458038	
-0.463074	
-0.4617	
-0.450653	
-0.457245	
-0.448486	
-0.456848	
-0.466675	
-0.461182	
-0.460297	
-0.458191	
-0.469452	
-0.455811	
-0.458069	
-0.451111	
-0.469788	
-0.471161	
-0.454071	
-0.450287	
-0.454742	
-0.456421	
-0.453033	
-0.460754	
-0.4646	
-0.461945	
-0.456207	
-0.458466	
-0.463684	
-0.459808	
-0.4552	
-0.456726	
-0.467377	
-0.453064	
-0.463989	
-0.457855	
-0.45639	
-0.457703	
-0.457428	
-0.450714	
-0.454468	
-0.464539	
-0.450378	
-0.452698	
-0.457367	
-0.464447	
-0.446167	
-0.447449	
-0.459167	
-0.458588	
-0.453461	
-0.450562	
-0.458771	
-0.461792	
-0.45813	
-0.44339	
-0.452728	
-0.462341	
-0.458038	
-0.45047	
-0.453827	
-0.462555	
-0.451721	
-0.45752	
-0.463989	
-0.463379	
-0.451202	
-0.452393	
-0.463715	
-0.451233	
-0.456055	
-0.459381	
-0.463562	
-0.451324	
-0.448914	
-0.444275	
-0.450653	
-0.466461	
-0.460236	
-0.458496	
-0.447052	
-0.455139	
-0.457733	
-0.455017	
-0.4505	
-0.45575	
-0.45697	
-0.454041	
-0.458954	
-0.459625	
-0.457489	
-0.457306	
-0.45694	
-0.45459	
-0.458923	
-0.455231	
-0.463287	
-0.465546	
-0.454681	
-0.45575	
-0.45755	
-0.466461	
-0.45462	
-0.450989	
-0.453949	
-0.460327	
-0.459473	
-0.454163	
-0.459076	
-0.452087	
-0.450684	
-0.452484	
-0.464844	
-0.460724	
-0.460938	
-0.455017	
-0.446838	
-0.452087	
-0.454102	
-0.449493	
-0.45105	
-0.461456	
-0.448456	
-0.453705	
-0.45752	
-0.450958	
-0.453156	
-0.453522	
-0.45517	
-0.44809	
-0.462982	
-0.459686	
-0.459686	
-0.458954	
-0.463196	
-0.463837	
-0.449219	
-0.454712	
-0.456757	
-0.461609	
-0.452118	
-0.457672	
-0.456879	
-0.456848	
-0.456635	
-0.456482	
-0.458801	
-0.447235	
-0.446472	
-0.458252	
-0.463806	
-0.455872	
-0.455719	
-0.451447	
-0.457977	
-0.4617	
-0.453491	
-0.460602	
-0.4664	
-0.465179	
-0.443146	
-0.453186	
-0.460449	
-0.468689	
-0.467255	
-0.45993	
-0.454681	
-0.457458	
-0.462646	
-0.450287	
-0.456146	
-0.459229	
-0.455872	
-0.451233	
-0.451172	
-0.460602	
-0.439972	
-0.451202	
-0.452881	
-0.460236	
-0.452759	
-0.457825	
-0.448029	
-0.450439	
-0.455994	
-0.447906	
-0.448639	
-0.454651	
-0.463928	
-0.446686	
-0.45047	
-0.458679	
-0.461517	
-0.453583	
-0.453766	
-0.457703	
-0.447937	
-0.450317	
-0.460663	
-0.46521	
-0.462097	
-0.454224	
-0.451996	
-0.461304	
-0.460846	
-0.4422	
-0.455841	
-0.463654	
-0.463684	
-0.454773	
-0.455139	
-0.453491	
-0.458405	
-0.462524	
-0.448303	
-0.454559	
-0.470886	
-0.474701	
-0.458771	
-0.455048	
-0.451752	
-0.462799	
-0.463043	
-0.459839	
-0.464844	
-0.469116	
-0.459808	
-0.458252	
-0.465973	
-0.454529	
-0.469421	
-0.470398	
-0.461761	
-0.461914	
-0.459656	
-0.46228	
-0.462738	
-0.459564	
-0.452911	
-0.46817	
-0.463257	
-0.448303	
-0.45813	
-0.460449	
-0.456879	
-0.457794	
-0.455658	
-0.455597	
-0.466248	
-0.460144	
-0.461121	
-0.459808	
-0.452515	
-0.455383	
-0.457214	
-0.457733	
-0.451569	
-0.467773	
-0.457123	
-0.455688	
-0.467896	
-0.462189	
-0.44397	
-0.452515	
-0.46579	
-0.462799	
-0.465881	
-0.468567	
-0.457581	
-0.44577	
-0.454193	
-0.453003	
-0.450409	
-0.465546	
-0.464264	
-0.457703	
-0.461426	
-0.46109	
-0.451904	
-0.45694	
-0.462311	
-0.46286	
-0.471588	
-0.463379	
-0.459808	
-0.458679	
-0.459961	
-0.46051	
-0.46759	
-0.467499	
-0.469055	
-0.460938	
-0.456909	
-0.471771	
-0.460754	
-0.463531	
-0.467499	
-0.46698	
-0.453827	
-0.463776	
-0.469177	
-0.45697	
-0.471375	
-0.470642	
-0.466339	
-0.465912	
-0.464111	
-0.456177	
-0.470062	
-0.479858	
-0.460632	
-0.462402	
-0.472565	
-0.478638	
-0.468689	
-0.470093	
-0.460815	
-0.46463	
-0.470856	
-0.469971	
-0.463074	
-0.459961	
-0.474823	
-0.466431	
-0.463043	
-0.460175	
-0.46875	
-0.454987	
-0.460388	
-0.467407	
-0.469391	
-0.45929	
-0.460083	
-0.472321	
-0.45929	
-0.453064	
-0.456116	
-0.463593	
-0.468445	
-0.472412	
-0.470032	
-0.461517	
-0.46106	
-0.45401	
-0.462982	
-0.469269	
-0.471069	
-0.463348	
-0.465393	
-0.463562	
-0.45752	
-0.457581	
-0.468231	
-0.473206	
-0.463776	
-0.463654	
-0.46228	
-0.463593	
-0.472931	
-0.460663	
-0.460419	
-0.454865	
-0.467804	
-0.466919	
-0.458527	
-0.455719	
-0.474213	
-0.467041	
-0.458099	
-0.469177	
-0.464447	
-0.463989	
-0.469482	
-0.464508	
-0.462799	
-0.471924	
-0.473267	
-0.461914	
-0.461853	
-0.468994	
-0.482666	
-0.466736	
-0.464478	
-0.468536	
-0.47403	
-0.453705	
-0.457336	
-0.468262	
-0.461243	
-0.467041	
-0.464355	
-0.459351	
-0.456299	
-0.472473	
-0.461884	
-0.46228	
-0.461853	
-0.454651	
-0.466034	
-0.470306	
-0.470459	
-0.456879	
-0.47876	
-0.473938	
-0.461151	
-0.455841	
-0.461304	
-0.47522	
-0.472565	
-0.467346	
-0.460358	
-0.473846	
-0.469025	
-0.465942	
-0.468292	
-0.465485	
-0.462494	
-0.461182	
-0.46521	
-0.469086	
-0.478699	
-0.45929	
-0.459747	
-0.464905	
-0.470062	
-0.472504	
-0.466034	
-0.462372	
-0.464172	
-0.464813	
-0.450592	
-0.476624	
-0.481323	
-0.466156	
-0.457489	
-0.47406	
-0.476471	
-0.465668	
-0.452454	
-0.458405	
-0.479248	
-0.473541	
-0.472107	
-0.475739	
-0.470184	
-0.468536	
-0.463806	
-0.455444	
-0.462372	
-0.47876	
-0.466675	
-0.468903	
-0.470978	
-0.463776	
-0.453644	
-0.469269	
-0.472839	
-0.454742	
-0.462097	
-0.463654	
-0.471619	
-0.460327	
-0.462738	
-0.46286	
-0.459045	
-0.467285	
-0.465851	
-0.467194	
-0.459961	
-0.469116	
-0.463715	
-0.459503	
-0.466187	
-0.466522	
-0.46228	
-0.465729	
-0.476471	
-0.465851	
-0.463684	
-0.457703	
-0.466278	
-0.466522	
-0.462646	
-0.459412	
-0.467896	
-0.466156	
-0.458527	
-0.466064	
-0.461517	
-0.469238	
-0.45929	
-0.461823	
-0.462128	
-0.467651	
-0.471405	
-0.460266	
-0.468964	
-0.460632	
-0.461517	
-0.462158	
-0.481659	
-0.463928	
-0.462921	
-0.466553	
-0.469727	
-0.472961	
-0.465942	
-0.466339	
-0.463837	
-0.475281	
-0.468933	
-0.472076	
-0.466888	
-0.467163	
-0.470642	
-0.465485	
-0.472961	
-0.468994	
-0.468048	
-0.464874	
-0.470093	
-0.46283	
-0.46347	
-0.467682	
-0.456726	
-0.457275	
-0.457275	
-0.461609	
-0.459106	
-0.477264	
-0.466003	
-0.460358	
-0.45929	
-0.457367	
-0.461121	
-0.462463	
-0.46286	
-0.456299	
-0.470917	
-0.468903	
-0.46106	
-0.46228	
-0.460724	
-0.456329	
-0.462799	
-0.469055	
-0.464081	
-0.463562	
-0.465759	
-0.459351	
-0.446564	
-0.445831	
-0.460114	
-0.472717	
-0.464325	
-0.447021	
-0.459839	
-0.459381	
-0.453278	
-0.450836	
-0.463318	
-0.46347	
-0.45993	
-0.459686	
-0.455933	
-0.475372	
-0.460205	
-0.45575	
-0.463104	
-0.467224	
-0.464386	
-0.465332	
-0.456238	
-0.450317	
-0.471375	
-0.460052	
-0.46283	
-0.467346	
-0.464508	
-0.455444	
-0.466919	
-0.46524	
-0.457306	
-0.459137	
-0.457092	
-0.470001	
-0.464294	
-0.460388	
-0.45813	
-0.462463	
-0.468231	
-0.464996	
-0.460327	
-0.454926	
-0.469299	
-0.468079	
-0.467957	
-0.453949	
-0.460938	
-0.467407	
-0.452423	
-0.454681	
-0.467041	
-0.474304	
-0.457733	
-0.463013	
-0.457977	
-0.455994	
-0.451782	
-0.462891	
-0.467499	
-0.469177	
-0.458038	
-0.460175	
-0.465607	
-0.445038	
-0.446411	
-0.456726	
-0.466064	
-0.463409	
-0.461578	
-0.453278	
-0.447266	
-0.456482	
-0.453003	
-0.463867	
-0.456604	
-0.462646	
-0.464142	
-0.448303	
-0.453552	
-0.466797	
-0.464966	
-0.452942	
-0.458649	
-0.452728	
-0.44989	
-0.452332	
-0.455444	
-0.458527	
-0.457581	
-0.455719	
-0.448853	
-0.456268	
-0.454651	
-0.45343	
-0.444183	
-0.454865	
-0.459045	
-0.452576	
-0.451721	
-0.458893	
-0.453583	
-0.448425	
-0.461395	
-0.461456	
-0.452515	
-0.448303	
-0.455444	
-0.469055	
-0.456573	
-0.461365	
-0.451538	
-0.451263	
-0.453705	
-0.46814	
-0.452118	
-0.44577	
-0.467316	
-0.461517	
-0.450226	
-0.460052	
-0.459686	
-0.434906	
-0.448792	
-0.460754	
-0.464233	
-0.457123	
-0.455841	
-0.452667	
-0.443512	
-0.454956	
-0.449249	
-0.466766	
-0.463074	
-0.45697	
-0.447449	
-0.450348	
-0.458099	
-0.453674	
-0.466095	
-0.46048	
-0.46106	
-0.454529	
-0.452301	
-0.458893	
-0.457611	
-0.461304	
-0.458832	
-0.460297	
-0.454071	
-0.459686	
-0.448975	
-0.450287	
-0.463531	
-0.454468	
-0.454132	
-0.458527	
-0.460052	
-0.444458	
-0.451813	
-0.453033	
-0.464325	
-0.455566	
-0.452942	
-0.45578	
-0.464569	
-0.453552	
-0.453857	
-0.464111	
-0.455322	
-0.45578	
-0.450714	
-0.457764	
-0.471619	
-0.463593	
-0.454041	
-0.444519	
-0.45163	
-0.452606	
-0.466187	
-0.456726	
-0.455383	
-0.456085	
-0.45636	
-0.45224	
-0.453888	
-0.456085	
-0.446533	
-0.456024	
-0.444885	
-0.447662	
-0.454315	
-0.457092	
-0.447601	
-0.454315	
-0.454742	
-0.442749	
-0.455719	
-0.455872	
-0.459686	
-0.449341	
-0.453278	
-0.449615	
-0.455414	
-0.458191	
-0.456726	
-0.462097	
-0.449036	
-0.444275	
-0.45105	
-0.462311	
-0.461243	
-0.458405	
-0.453522	
-0.452728	
-0.454193	
-0.452271	
-0.456329	
-0.45047	
-0.448608	
-0.461456	
-0.464233	
-0.450867	
-0.453583	
-0.450623	
-0.444	
-0.462585	
-0.465332	
-0.454987	
-0.451263	
-0.474152	
-0.459442	
-0.451141	
-0.448517	
-0.451721	
-0.46109	
-0.46109	
-0.463257	
-0.454254	
-0.461151	
-0.455566	
-0.44751	
-0.446655	
-0.452026	
-0.458038	
-0.454956	
-0.461334	
-0.460785	
-0.45282	
-0.447876	
-0.459076	
-0.452148	
-0.451233	
-0.461731	
-0.454468	
-0.452881	
-0.458435	
-0.456787	
-0.445251	
-0.459503	
-0.450439	
-0.451569	
-0.461212	
-0.450989	
-0.455109	
-0.457489	
-0.453247	
-0.448853	
-0.466431	
-0.457703	
-0.45636	
-0.464691	
-0.459625	
-0.454987	
-0.453583	
-0.450531	
-0.448181	
-0.45697	
-0.453461	
-0.460754	
-0.458588	
-0.451324	
-0.448151	
-0.455017	
-0.45874	
-0.452698	
-0.4534	
-0.443542	
-0.453033	
-0.455902	
-0.461639	
-0.459534	
-0.452972	
-0.454865	
-0.447662	
-0.463226	
-0.45752	
-0.463104	
-0.449646	
-0.453461	
-0.462067	
-0.459137	
-0.449524	
-0.453949	
-0.467377	
-0.44754	
-0.453857	
-0.461517	
-0.457489	
-0.459656	
-0.4617	
-0.455292	
-0.44989	
-0.460114	
-0.458771	
-0.456451	
-0.458191	
-0.459991	
-0.459991	
-0.464111	
-0.460785	
-0.451874	
-0.449921	
-0.458801	
-0.468628	
-0.455231	
-0.467407	
-0.459625	
-0.458221	
-0.455994	
-0.448608	
-0.454376	
-0.466431	
-0.479645	
-0.451202	
-0.4505	
-0.462128	
-0.468597	
-0.460663	
-0.455505	
-0.461151	
-0.464905	
-0.460266	
-0.450562	
-0.459351	
-0.45343	
-0.459106	
-0.452728	
-0.461273	
-0.461456	
-0.468781	
-0.45752	
-0.442139	
-0.451508	
-0.455933	
-0.466064	
-0.456238	
-0.461029	
-0.466736	
-0.456848	
-0.454071	
-0.461365	
-0.464417	
-0.456879	
-0.465454	
-0.461395	
-0.46228	
-0.459808	
-0.456329	
-0.45697	
-0.452118	
-0.455566	
-0.455475	
-0.466614	
-0.458282	
-0.459198	
-0.460541	
-0.457642	
-0.445526	
-0.448151	
-0.462738	
-0.463776	
-0.465515	
-0.461456	
-0.456207	
-0.453064	
-0.462708	
-0.452209	
-0.460205	
-0.473938	
-0.46579	
-0.466278	
-0.457397	
-0.458954	
-0.462982	
-0.462128	
-0.448975	
-0.46405	
-0.480316	
-0.455292	
-0.450958	
-0.456696	
-0.460938	
-0.451538	
-0.463928	
-0.471649	
-0.464783	
-0.455444	
-0.461975	
-0.460144	
-0.448456	
-0.459106	
-0.465332	
-0.463409	
-0.458374	
-0.461823	
-0.452881	
-0.460236	
-0.473969	
-0.457611	
-0.464508	
-0.472809	
-0.468231	
-0.455688	
-0.470093	
-0.464294	
-0.457977	
-0.472046	
-0.464233	
-0.466248	
-0.471252	
-0.470154	
-0.455505	
-0.462524	
-0.468933	
-0.469543	
-0.471191	
-0.46106	
-0.46106	
-0.463898	
-0.466553	
-0.457397	
-0.464722	
-0.456451	
-0.460724	
-0.471222	
-0.477417	
-0.460083	
-0.457001	
-0.463989	
-0.461121	
-0.462982	
-0.459442	
-0.466125	
-0.471466	
-0.479034	
-0.48056	
-0.46048	
-0.453827	
-0.460693	
-0.471649	
-0.461761	
-0.472961	
-0.474365	
-0.464294	
-0.462677	
-0.449738	
-0.453033	
-0.462708	
-0.465851	
-0.456116	
-0.463806	
-0.456696	
-0.452972	
-0.458679	
-0.459381	
-0.455383	
-0.460175	
-0.470154	
-0.461365	
-0.462433	
-0.460388	
-0.461243	
-0.45694	
-0.467621	
-0.468719	
-0.458862	
-0.464417	
-0.472046	
-0.454651	
-0.452087	
-0.479034	
-0.472961	
-0.459137	
-0.4646	
-0.466492	
-0.468109	
-0.448792	
-0.458771	
-0.465698	
-0.467102	
-0.455353	
-0.45993	
-0.463715	
-0.466003	
-0.461121	
-0.445496	
-0.447998	
-0.467407	
-0.476501	
-0.466034	
-0.473389	
-0.46347	
-0.465118	
-0.46402	
-0.464691	
-0.466736	
-0.464752	
-0.475769	
-0.469574	
-0.468994	
-0.462341	
-0.470001	
-0.471008	
-0.463074	
-0.461151	
-0.463318	
-0.475433	
-0.463074	
-0.463287	
-0.469391	
-0.465118	
-0.460968	
-0.460602	
-0.465637	
-0.469604	
-0.472412	
-0.462921	
-0.458679	
-0.458832	
-0.470673	
-0.478241	
-0.462677	
-0.457428	
-0.468872	
-0.466431	
-0.45929	
-0.467346	
-0.463562	
-0.470062	
-0.463867	
-0.464844	
-0.464569	
-0.455566	
-0.444122	
-0.463196	
-0.478516	
-0.471527	
-0.4711	
-0.455566	
-0.455505	
-0.463409	
-0.457703	
-0.451294	
-0.463196	
-0.470581	
-0.463867	
-0.466949	
-0.468811	
-0.46228	
-0.448517	
-0.457794	
-0.468262	
-0.465973	
-0.463562	
-0.467041	
-0.476044	
-0.459381	
-0.465088	
-0.4617	
-0.464172	
-0.472046	
-0.474792	
-0.467102	
-0.468658	
-0.474609	
-0.455627	
-0.457672	
-0.464081	
-0.467407	
-0.47168	
-0.466034	
-0.460907	
-0.470978	
-0.470184	
-0.450226	
-0.463837	
-0.465576	
-0.468231	
-0.468933	
-0.470856	
-0.463043	
-0.464081	
-0.454651	
-0.459137	
-0.465912	
-0.461823	
-0.471008	
-0.468628	
-0.467346	
-0.463562	
-0.462067	
-0.45871	
-0.461884	
-0.473175	
-0.467804	
-0.4664	
-0.46109	
-0.464935	
-0.449188	
-0.460144	
-0.471985	
-0.468231	
-0.45694	
-0.458038	
-0.468628	
-0.460938	
-0.464325	
-0.462982	
-0.460632	
-0.458435	
-0.46524	
-0.468872	
-0.460846	
-0.458282	
-0.462311	
-0.460754	
-0.459808	
-0.468933	
-0.468719	
-0.454498	
-0.464905	
-0.469574	
-0.462921	
-0.449707	
-0.47049	
-0.464111	
-0.462524	
-0.461243	
-0.469452	
-0.465637	
-0.458252	
-0.457275	
-0.449066	
-0.462769	
-0.465118	
-0.465454	
-0.457092	
-0.463593	
-0.468079	
-0.453247	
-0.461792	
-0.465912	
-0.466339	
-0.467102	
-0.459778	
-0.452576	
-0.466675	
-0.468658	
-0.467072	
-0.459198	
-0.454651	
-0.463562	
-0.460693	
-0.458527	
-0.460327	
-0.471252	
-0.459229	
-0.455597	
-0.470703	
-0.462433	
-0.460938	
-0.45755	
-0.452148	
-0.45401	
-0.471832	
-0.463837	
-0.45816	
-0.459106	
-0.456451	
-0.458618	
-0.453888	
-0.456848	
-0.456635	
-0.467896	
-0.458038	
-0.468079	
-0.45816	
-0.450531	
-0.464417	
-0.470551	
-0.460602	
-0.457184	
-0.468628	
-0.459717	
-0.456757	
-0.470245	
-0.465424	
-0.454071	
-0.453735	
-0.45813	
-0.465515	
-0.474823	
-0.454803	
-0.456238	
-0.455841	
-0.454834	
-0.462646	
-0.466034	
-0.460785	
-0.458008	
-0.460022	
-0.449249	
-0.455292	
-0.456635	
-0.457977	
-0.469788	
-0.468201	
-0.458496	
-0.46286	
-0.460602	
-0.448639	
-0.464935	
-0.463196	
-0.461029	
-0.472137	
-0.473694	
-0.457794	
-0.44928	
-0.45282	
-0.462494	
-0.470215	
-0.451233	
-0.458862	
-0.4664	
-0.453186	
-0.450684	
-0.457367	
-0.461121	
-0.461182	
-0.46347	
-0.435822	
-0.456207	
-0.462372	
-0.450989	
-0.447266	
-0.456879	
-0.455231	
-0.452515	
-0.457245	
-0.448944	
-0.454285	
-0.450592	
-0.452179	
-0.45462	
-0.459656	
-0.454742	
-0.454529	
-0.456543	
-0.451172	
-0.44809	
-0.449188	
-0.457031	
-0.456268	
-0.452423	
-0.450134	
-0.457947	
-0.461456	
-0.447113	
-0.448486	
-0.452423	
-0.458832	
-0.455017	
-0.45874	
-0.460144	
-0.460876	
-0.456879	
-0.449127	
-0.455109	
-0.450562	
-0.453308	
-0.459564	
-0.462769	
-0.457062	
-0.457642	
-0.45401	
-0.448364	
-0.45871	
-0.458191	
-0.464111	
-0.470978	
-0.473938	
-0.450806	
-0.451843	
-0.458099	
-0.459869	
-0.464813	
-0.456238	
-0.455688	
-0.464233	
-0.466034	
-0.445801	
-0.456543	
-0.464172	
-0.453857	
-0.461456	
-0.461243	
-0.460449	
-0.449402	
-0.450928	
-0.450256	
-0.455444	
-0.453674	
-0.461609	
-0.463867	
-0.44635	
-0.450989	
-0.456268	
-0.45047	
-0.457977	
-0.468842	
-0.454681	
-0.448608	
-0.457184	
-0.45874	
-0.451691	
-0.453857	
-0.451965	
-0.44751	
-0.461212	
-0.46286	
-0.463104	
-0.448486	
-0.439301	
-0.440155	
-0.45166	
-0.457916	
-0.445465	
-0.451263	
-0.452759	
-0.455933	
-0.451782	
-0.455505	
-0.45752	
-0.451202	
-0.454498	
-0.446747	
-0.46225	
-0.463654	
-0.456848	
-0.449036	
-0.466248	
-0.463501	
-0.450287	
-0.447632	
-0.458191	
-0.468964	
-0.459106	
-0.450165	
-0.452545	
-0.462616	
-0.450195	
-0.451904	
-0.455383	
-0.450714	
-0.455994	
-0.458466	
-0.459351	
-0.462189	
-0.459717	
-0.447968	
-0.45166	
-0.451691	
-0.457123	
-0.45694	
-0.44751	
-0.459259	
-0.467468	
-0.460266	
-0.452606	
-0.457458	
-0.447235	
-0.449799	
-0.46051	
-0.460449	
-0.460876	
-0.457428	
-0.449005	
-0.448151	
-0.458649	
-0.443848	
-0.448151	
-0.454346	
-0.465302	
-0.458008	
-0.447601	
-0.45755	
-0.444885	
-0.439728	
-0.438782	
-0.456085	
-0.460876	
-0.455597	
-0.456787	
-0.451263	
-0.447052	
-0.445923	
-0.453613	
-0.446533	
-0.458282	
-0.468475	
-0.453094	
-0.456665	
-0.454926	
-0.447144	
-0.457214	
-0.464569	
-0.458984	
-0.463684	
	
