E:\DOCUMENTS AND SETTINGS\JPOTAS\MEUS DOCUMENTOS\UFRJ\RSCI-BM 12 WK SERIES\070731-RSCI-BM-12\RSCI-BM-12-RSN\070731-RSCI-BM-12-RSN-0020.ACQ
0.025000 msec/sample
1 channel
Analog input
Volts
CH1	
2000	
-0.420837	
-0.422943	
-0.424286	
-0.420685	
-0.424713	
-0.411713	
-0.412292	
-0.420807	
-0.427002	
-0.42392	
-0.404602	
-0.421997	
-0.406281	
-0.422394	
-0.430573	
-0.418213	
-0.419128	
-0.416718	
-0.434052	
-0.424988	
-0.417389	
-0.421844	
-0.422272	
-0.430145	
-0.409363	
-0.397125	
-0.427094	
-0.421661	
-0.42215	
-0.422546	
-0.436707	
-0.414948	
-0.428925	
-0.420135	
-0.408997	
-0.418671	
-0.423187	
-0.423065	
-0.425781	
-0.434418	
-0.416504	
-0.407471	
-0.415405	
-0.421326	
-0.431183	
-0.424713	
-0.41925	
-0.419983	
-0.418365	
-0.419281	
-0.410889	
-0.427643	
-0.411316	
-0.424194	
-0.41687	
-0.407471	
-0.41922	
-0.404694	
-0.419739	
-0.416626	
-0.415131	
-0.417908	
-0.414001	
-0.417633	
-0.407654	
-0.421478	
-0.429169	
-0.41394	
-0.421722	
-0.422638	
-0.421021	
-0.400787	
-0.424866	
-0.415741	
-0.415924	
-0.431641	
-0.428558	
-0.424683	
-0.425507	
-0.412079	
-0.414368	
-0.424255	
-0.421906	
-0.429169	
-0.423309	
-0.405304	
-0.421326	
-0.431946	
-0.412964	
-0.420441	
-0.429382	
-0.417267	
-0.404907	
-0.428162	
-0.412537	
-0.421753	
-0.431183	
-0.412506	
-0.41748	
-0.410736	
-0.415192	
-0.420898	
-0.421417	
-0.41806	
-0.427612	
-0.420959	
-0.400116	
-0.405487	
-0.417206	
-0.410583	
-0.427094	
-0.42157	
-0.436584	
-0.41394	
-0.411133	
-0.422974	
-0.431	
-0.413239	
-0.409241	
-0.428162	
-0.419434	
-0.422546	
-0.424683	
-0.411163	
-0.407166	
-0.432037	
-0.440155	
-0.419586	
-0.411499	
-0.425873	
-0.415039	
-0.417053	
-0.416107	
-0.434418	
-0.41214	
-0.416992	
-0.41629	
-0.412354	
-0.428497	
-0.423462	
-0.415619	
-0.403229	
-0.422302	
-0.427368	
-0.417572	
-0.406464	
-0.405579	
-0.43689	
-0.430634	
-0.405365	
-0.423553	
-0.423035	
-0.423096	
-0.406952	
-0.430878	
-0.42334	
-0.407654	
-0.40448	
-0.422943	
-0.434906	
-0.417786	
-0.414703	
-0.414886	
-0.420502	
-0.431702	
-0.424194	
-0.413727	
-0.401886	
-0.410706	
-0.429474	
-0.410583	
-0.418732	
-0.419067	
-0.421509	
-0.409241	
-0.419464	
-0.412659	
-0.41153	
-0.419525	
-0.40799	
-0.414856	
-0.427032	
-0.435852	
-0.415894	
-0.40744	
-0.416168	
-0.411163	
-0.426239	
-0.41452	
-0.402954	
-0.424469	
-0.419525	
-0.414856	
-0.400818	
-0.42688	
-0.415619	
-0.425049	
1.53348	
1.67767	
0.389252	
0.0213928	
-0.111938	
-0.165192	
-4.63489	
-2.22403	
-1.03073	
-0.665466	
-0.551544	
-0.522247	
-0.493988	
-0.46582	
-0.474487	
-0.466888	
-0.464355	
-0.447479	
-0.452057	
-0.446289	
-0.446655	
-0.443604	
-0.451355	
-0.450104	
-0.430328	
-0.446198	
-0.429504	
-0.426483	
-0.451447	
-0.447266	
-0.42807	
-0.43161	
-0.444397	
-0.435486	
-0.423523	
-0.436584	
-0.426819	
-0.432678	
-0.422363	
-0.434418	
-0.416504	
-0.426056	
-0.428436	
-0.423248	
-0.435089	
-0.425507	
-0.418518	
-0.425049	
-0.426422	
-0.422607	
-0.416046	
-0.42984	
-0.40744	
-0.403748	
-0.42804	
-0.414795	
-0.41391	
-0.422363	
-0.428925	
-0.405182	
-0.418701	
-0.405304	
-0.408142	
-0.422424	
-0.401978	
-0.412506	
-0.410095	
-0.409607	
-0.391815	
-0.390533	
-0.400787	
-0.404694	
-0.40741	
-0.398834	
-0.391602	
-0.3974	
-0.395233	
-0.400269	
-0.395569	
-0.422119	
-0.411316	
-0.428864	
-0.449066	
-0.433228	
-0.431183	
-0.43045	
-0.43158	
-0.424561	
-0.434998	
-0.428467	
-0.412323	
-0.436493	
-0.435394	
-0.437042	
-0.436676	
-0.429108	
-0.432861	
-0.428406	
-0.428558	
-0.417938	
-0.422058	
-0.402008	
-0.41394	
-0.416138	
-0.416016	
-0.417633	
-0.403961	
-0.406799	
-0.411102	
-0.424683	
-0.427002	
-0.422913	
-0.420105	
-0.425659	
-0.448425	
-0.441528	
-0.431183	
-0.441986	
-0.451263	
-0.45575	
-0.439972	
-0.461151	
-0.445526	
-0.43454	
-0.431885	
-0.432587	
-0.438446	
-0.426453	
-0.423676	
-0.418579	
-0.417938	
-0.409393	
-0.411652	
-0.418091	
-0.408783	
-0.406281	
-0.415863	
-0.409668	
-0.419525	
-0.425415	
-0.443085	
-0.432739	
-0.435547	
-0.423889	
-0.426147	
-0.430786	
-0.423492	
-0.436005	
-0.42807	
-0.422974	
-0.421143	
-0.435608	
-0.428436	
-0.417664	
-0.424347	
-0.420502	
-0.412842	
-0.41153	
-0.413208	
-0.413513	
-0.406311	
-0.424377	
-0.390747	
-0.394043	
-0.405792	
-0.401093	
-0.409668	
-0.406769	
-0.420776	
-0.425629	
-0.423828	
-0.414001	
-0.415192	
-0.426361	
-0.408875	
-0.425629	
-0.446411	
-0.420898	
-0.41803	
-0.415802	
-0.4216	
-0.418579	
-0.440308	
-0.433044	
-0.437927	
-0.435577	
-0.427185	
-0.430847	
-0.426849	
-0.424072	
-0.42453	
-0.431213	
-0.427124	
-0.426727	
-0.423828	
-0.408173	
-0.420227	
-0.426971	
-0.412506	
-0.41507	
-0.416168	
-0.40979	
-0.395782	
-0.413177	
-0.400726	
-0.399811	
-0.416748	
-0.409668	
-0.40741	
-0.412323	
-0.420319	
-0.417328	
-0.419922	
-0.420776	
-0.424652	
-0.433258	
-0.411926	
-0.409424	
-0.424561	
-0.410919	
-0.424805	
-0.421326	
-0.417847	
-0.406525	
-0.422638	
-0.411072	
-0.415375	
-0.4198	
-0.405701	
-0.410492	
-0.415771	
-0.417145	
-0.417847	
-0.425385	
-0.422119	
-0.421204	
-0.428192	
-0.411438	
-0.414856	
-0.422363	
-0.413849	
-0.428772	
-0.426117	
-0.425293	
-0.416656	
-0.419189	
-0.408661	
-0.406982	
-0.420013	
-0.418854	
-0.42276	
-0.397705	
-0.407623	
-0.421204	
-0.41394	
-0.407379	
-0.411865	
-0.425018	
-0.431244	
-0.416412	
-0.422638	
-0.403992	
-0.414734	
-0.41037	
-0.432343	
-0.420197	
-0.422424	
-0.410095	
-0.408966	
-0.418762	
-0.423218	
-0.422089	
-0.413086	
-0.409302	
-0.418579	
-0.413696	
-0.415466	
-0.40274	
-0.409119	
-0.420288	
-0.412415	
-0.421906	
-0.413879	
-0.419373	
-0.417053	
-0.428253	
-0.41153	
-0.408142	
-0.424316	
-0.408875	
-0.415771	
-0.414856	
-0.436768	
-0.422729	
-0.40799	
-0.407562	
-0.426056	
-0.42688	
-0.404938	
-0.394684	
-0.42688	
-0.415192	
-0.422821	
-0.415314	
-0.43692	
-0.409515	
-0.423004	
-0.420227	
-0.415985	
-0.4151	
-0.412079	
-0.412811	
-0.416046	
-0.419464	
-0.421722	
-0.404327	
-0.410309	
-0.412018	
-0.435333	
-0.434418	
-0.409821	
-0.417175	
-0.411804	
-0.405853	
-0.411774	
-0.426392	
-0.410858	
-0.410889	
-0.418427	
-0.409637	
-0.420868	
-0.406555	
-0.405304	
-0.40329	
-0.41626	
-0.417938	
-0.420074	
-0.402069	
-0.395386	
-0.415253	
-0.425232	
-0.40451	
-0.416718	
-0.416687	
-0.419739	
-0.395874	
-0.411743	
-0.414001	
-0.413208	
-0.413788	
-0.424469	
-0.423828	
-0.407623	
-0.41629	
-0.420837	
-0.409241	
-0.423309	
-0.418762	
-0.413422	
-0.404266	
-0.403809	
-0.410858	
-0.409943	
-0.413635	
-0.412781	
-0.424438	
-0.407867	
-0.415375	
-0.408508	
-0.412811	
-0.41748	
-0.402069	
-0.412933	
-0.416412	
-0.419495	
-0.412659	
-0.411438	
-0.40506	
-0.419708	
-0.42923	
-0.404846	
-0.411682	
-0.426025	
-0.415802	
-0.42218	
-0.413635	
-0.434692	
-0.408447	
-0.414307	
-0.422607	
-0.4151	
-0.427216	
-0.425964	
-0.420105	
-0.409363	
-0.408325	
-0.411713	
-0.414917	
-0.420837	
-0.417725	
-0.438141	
-0.432983	
-0.40863	
-0.41684	
-0.418518	
-0.416656	
-0.402954	
-0.430115	
-0.419067	
-0.420563	
-0.419586	
-0.414673	
-0.415192	
-0.413177	
-0.410553	
-0.411041	
-0.429352	
-0.426361	
-0.41803	
-0.409515	
-0.395844	
-0.417053	
-0.427948	
-0.415192	
-0.410309	
-0.415771	
-0.428223	
-0.407013	
-0.416962	
-0.410461	
-0.415131	
-0.422028	
-0.409729	
-0.416626	
-0.415131	
-0.415619	
-0.418274	
-0.418793	
-0.41745	
-0.41449	
-0.416718	
-0.40744	
-0.410248	
-0.427338	
-0.419006	
-0.418335	
-0.408508	
-0.422913	
-0.416443	
-0.424744	
-0.413452	
-0.418304	
-0.417969	
-0.411407	
-0.416779	
-0.420807	
-0.430908	
-0.412842	
-0.413666	
-0.421265	
-0.43222	
-0.441864	
-0.414642	
-0.411255	
-0.427765	
-0.425934	
-0.421265	
-0.418396	
-0.436188	
-0.412384	
-0.426575	
-0.428619	
-0.411377	
-0.419891	
-0.418701	
-0.430664	
-0.413727	
-0.41983	
-0.418427	
-0.412842	
-0.420135	
-0.417114	
-0.428741	
-0.423279	
-0.407196	
-0.432678	
-0.428192	
-0.420502	
-0.412537	
-0.427734	
-0.422729	
-0.42218	
-0.415222	
-0.41925	
-0.4328	
-0.422333	
-0.419861	
-0.417053	
-0.422546	
-0.420837	
-0.416473	
-0.416473	
-0.40387	
-0.424561	
-0.433014	
-0.412415	
-0.416901	
-0.42514	
-0.416901	
-0.402802	
-0.43573	
-0.426331	
-0.420807	
-0.429169	
-0.410828	
-0.411438	
-0.412811	
-0.431976	
-0.428162	
-0.422058	
-0.422485	
-0.418579	
-0.422028	
-0.414001	
-0.408478	
-0.428192	
-0.417938	
-0.424561	
-0.409821	
-0.423798	
-0.410004	
-0.419586	
-0.417969	
-0.421844	
-0.419891	
-0.419067	
-0.413696	
-0.419556	
-0.425018	
-0.417969	
-0.421234	
-0.431396	
-0.423248	
-0.43576	
-0.424469	
-0.4133	
-0.418732	
-0.423737	
-0.42514	
-0.429718	
-0.435394	
-0.415222	
-0.419495	
-0.418243	
-0.418091	
-0.43924	
-0.41626	
-0.420044	
-0.408508	
-0.411102	
-0.4216	
-0.429871	
-0.415222	
-0.406738	
-0.42453	
-0.42807	
-0.403809	
-0.424683	
-0.420074	
-0.423981	
-0.411743	
-0.427826	
-0.413239	
-0.417114	
-0.405457	
-0.411957	
-0.425995	
-0.421234	
-0.424988	
-0.427673	
-0.414276	
-0.415466	
-0.419708	
-0.425781	
-0.414612	
-0.415924	
-0.420593	
-0.420166	
-0.418091	
-0.412231	
-0.417938	
-0.407532	
-0.423126	
-0.421539	
-0.418365	
-0.421265	
-0.40863	
-0.427002	
-0.417267	
-0.431549	
-0.427429	
-0.418762	
-0.408905	
-0.418518	
-0.433136	
-0.420898	
-0.408569	
-0.416107	
-0.406372	
-0.427521	
-0.422516	
-0.440155	
-0.406433	
-0.423431	
-0.42926	
-0.427887	
-0.426086	
-0.418518	
-0.420349	
-0.422791	
-0.422577	
-0.425598	
-0.415985	
-0.415558	
-0.410217	
-0.428467	
-0.426941	
-0.418579	
-0.423401	
-0.415833	
-0.427643	
-0.425354	
-0.427704	
-0.414185	
-0.41153	
-0.416504	
-0.411926	
-0.429993	
-0.419617	
-0.421326	
-0.410583	
-0.414978	
-0.41861	
-0.421295	
-0.405823	
-0.402191	
-0.427612	
-0.433472	
-0.41098	
-0.424988	
-0.411285	
-0.412415	
-0.403839	
-0.42926	
-0.417389	
-0.421448	
-0.416046	
-0.397369	
-0.40921	
-0.42099	
-0.417908	
-0.417358	
-0.418365	
-0.425781	
-0.417725	
-0.413666	
-0.408722	
-0.416077	
-0.417755	
-0.411926	
-0.428894	
-0.417847	
-0.422028	
-0.414398	
-0.417053	
-0.414154	
-0.418274	
-0.416534	
-0.417267	
-0.418732	
-0.410706	
-0.4245	
-0.413635	
-0.409546	
-0.41806	
-0.424652	
-0.428314	
-0.409515	
-0.401703	
-0.412079	
-0.424683	
-0.427094	
-0.412109	
-0.44339	
-0.418213	
-0.411285	
-0.416626	
-0.417572	
-0.423279	
-0.423706	
-0.430267	
-0.416779	
-0.418335	
-0.418701	
-0.413147	
-0.415131	
-0.410126	
-0.427643	
-0.433929	
-0.420166	
-0.426086	
-0.408447	
-0.417175	
-0.411682	
-0.414856	
-0.410492	
-0.416412	
-0.411682	
-0.411804	
-0.424011	
-0.414703	
-0.409668	
-0.404358	
-0.411041	
-0.408478	
-0.416565	
-0.425537	
-0.408875	
-0.430542	
-0.422089	
-0.3974	
-0.408447	
-0.406036	
-0.408813	
-0.406555	
-0.424622	
-0.414276	
-0.408417	
-0.411591	
-0.40097	
-0.40036	
-0.411713	
-0.426819	
-0.41748	
-0.410797	
-0.423798	
-0.406433	
-0.415192	
-0.408539	
-0.391998	
-0.42337	
-0.419373	
-0.420685	
-0.417877	
-0.416809	
-0.395233	
-0.424225	
-0.416901	
-0.408203	
-0.410187	
-0.418579	
-0.419556	
-0.411591	
-0.419678	
-0.409515	
-0.412811	
-0.416565	
-0.41983	
-0.429962	
-0.404663	
-0.403503	
-0.419556	
-0.419708	
-0.423431	
-0.419556	
-0.429291	
-0.404236	
-0.416199	
-0.41687	
-0.410065	
-0.420959	
-0.414703	
-0.416931	
-0.407318	
-0.407104	
-0.409241	
-0.411377	
-0.413574	
-0.393463	
-0.406555	
-0.418854	
-0.409271	
-0.407593	
-0.404633	
-0.410553	
-0.410767	
-0.416687	
-0.403961	
-0.411438	
-0.408752	
-0.398651	
-0.413086	
-0.414825	
-0.416077	
-0.400116	
-0.404541	
-0.407318	
-0.40741	
-0.40387	
-0.403137	
-0.411835	
-0.418152	
-0.405518	
-0.409882	
-0.413483	
-0.420013	
-0.401489	
-0.413666	
-0.395416	
-0.409607	
-0.420837	
-0.401245	
-0.41394	
-0.416077	
-0.415466	
-0.414093	
-0.409729	
-0.41214	
-0.412506	
-0.430817	
-0.412811	
-0.400391	
-0.414093	
-0.413513	
-0.416412	
-0.403656	
-0.411255	
-0.405487	
-0.428314	
-0.412476	
-0.414337	
-0.422455	
-0.404541	
-0.403503	
-0.412292	
-0.419037	
-0.420624	
-0.427856	
-0.41452	
-0.410278	
-0.416016	
-0.398529	
-0.405273	
-0.42691	
-0.414398	
-0.41568	
-0.420807	
-0.429474	
-0.401123	
-0.405609	
-0.415039	
-0.411377	
-0.42337	
-0.416473	
-0.414429	
-0.401184	
-0.406219	
-0.415009	
-0.407898	
-0.410278	
-0.39975	
-0.414276	
-0.41098	
-0.403046	
-0.406799	
-0.405243	
-0.41629	
-0.400024	
-0.409546	
-0.406494	
-0.405762	
-0.401337	
-0.407776	
-0.412964	
-0.407959	
-0.414093	
-0.406219	
-0.398773	
-0.407928	
-0.415741	
-0.413025	
-0.408722	
-0.408264	
-0.406158	
-0.405304	
-0.420258	
-0.415283	
-0.416046	
-0.39975	
-0.416931	
-0.406219	
-0.406525	
-0.417633	
-0.41156	
-0.413086	
-0.420319	
-0.428558	
-0.418365	
-0.410645	
-0.408386	
-0.416199	
-0.424286	
-0.408417	
-0.412079	
-0.421936	
-0.407959	
-0.416779	
-0.41272	
-0.424316	
-0.401611	
-0.415771	
-0.41452	
-0.416748	
-0.426971	
-0.409576	
-0.397644	
-0.395813	
-0.416229	
-0.420013	
-0.418762	
-0.410614	
-0.396637	
-0.41272	
-0.415039	
-0.416779	
-0.429047	
-0.411346	
-0.407318	
-0.407776	
-0.430695	
-0.413116	
-0.407532	
-0.413483	
-0.406738	
-0.413483	
-0.408539	
-0.405365	
-0.394958	
-0.411865	
-0.420135	
-0.416718	
-0.401794	
-0.396759	
-0.424744	
-0.433563	
-0.401764	
-0.412415	
-0.413483	
-0.416992	
-0.392639	
-0.415283	
-0.416656	
-0.415771	
-0.406372	
-0.400574	
-0.415131	
-0.423218	
-0.425537	
-0.415588	
-0.403076	
-0.411133	
-0.41925	
-0.422119	
-0.408478	
-0.415894	
-0.421692	
-0.400818	
-0.423126	
-0.415802	
-0.413452	
-0.401276	
-0.423096	
-0.417572	
-0.420227	
-0.415802	
-0.397919	
-0.414795	
-0.42218	
-0.425537	
-0.413971	
-0.410858	
-0.404907	
-0.405731	
-0.425049	
-0.405609	
-0.407074	
-0.426819	
-0.413757	
-0.414215	
-0.420074	
-0.424744	
-0.401337	
-0.415344	
-0.41626	
-0.418732	
-0.427429	
-0.421387	
-0.414673	
-0.40741	
-0.418945	
-0.419586	
-0.413361	
-0.422913	
-0.417999	
-0.418396	
-0.423462	
-0.410919	
-0.411713	
-0.417145	
-0.420624	
-0.414978	
-0.428833	
-0.409454	
-0.4086	
-0.416351	
-0.402649	
-0.41684	
-0.417786	
-0.416565	
-0.406586	
-0.414032	
-0.409088	
-0.407043	
-0.412598	
-0.402496	
-0.428406	
-0.429657	
-0.406677	
-0.41626	
-0.411377	
-0.412262	
-0.400543	
-0.415314	
-0.418854	
-0.424194	
-0.41214	
-0.414459	
-0.424347	
-0.409058	
-0.414154	
-0.424805	
-0.402618	
-0.415009	
-0.427002	
-0.425293	
-0.414673	
-0.406006	
-0.407898	
-0.39743	
-0.411163	
-0.410553	
-0.427185	
-0.41745	
-0.428223	
-0.414581	
-0.413208	
-0.422607	
-0.407227	
-0.418671	
-0.424042	
-0.426208	
-0.417206	
-0.425354	
-0.4263	
-0.410187	
-0.419739	
-0.413269	
-0.411346	
-0.427094	
-0.430267	
-0.423157	
-0.419434	
-0.431793	
-0.402924	
-0.414856	
-0.427734	
-0.421722	
-0.427124	
-0.419647	
-0.411072	
-0.419312	
-0.423004	
-0.420685	
-0.408478	
-0.419586	
-0.414032	
-0.42218	
-0.423553	
-0.41449	
-0.420837	
-0.419586	
-0.42041	
-0.41803	
-0.427246	
-0.40329	
-0.414337	
-0.423889	
-0.410126	
-0.416504	
-0.414124	
-0.421326	
-0.417206	
-0.416351	
-0.408936	
-0.41922	
-0.418396	
-0.413574	
-0.419922	
-0.421722	
-0.412445	
-0.423157	
-0.4198	
-0.426453	
-0.401855	
-0.427826	
-0.41806	
-0.416138	
-0.417267	
-0.419006	
-0.42688	
-0.424805	
-0.431335	
-0.42572	
-0.411957	
-0.417267	
-0.420593	
-0.439514	
-0.417358	
-0.419312	
-0.429657	
-0.420471	
-0.417877	
-0.417572	
-0.425415	
-0.416565	
-0.434082	
-0.425598	
-0.412659	
-0.41861	
-0.419586	
-0.435211	
-0.425507	
-0.424225	
-0.420959	
-0.42984	
-0.424835	
-0.420532	
-0.424744	
-0.42392	
-0.421936	
-0.431	
-0.411102	
-0.422607	
-0.423706	
-0.445007	
-0.414215	
-0.423431	
-0.425598	
-0.422516	
-0.429474	
-0.417542	
-0.412262	
-0.416138	
-0.421326	
-0.41983	
-0.423523	
-0.423248	
-0.405884	
-0.420532	
-0.420349	
-0.417603	
-0.432343	
-0.425873	
-0.42923	
-0.416595	
-0.414734	
-0.407349	
-0.411499	
-0.417633	
-0.40741	
-0.417511	
-0.419952	
-0.417114	
-0.407318	
-0.417633	
-0.416565	
-0.418274	
-0.428101	
-0.420258	
-0.411285	
-0.422607	
-0.408905	
-0.418793	
-0.422455	
-0.42395	
-0.405579	
-0.427856	
-0.418182	
-0.415771	
-0.421295	
-0.422089	
-0.421906	
-0.425079	
-0.427094	
-0.41806	
-0.416931	
-0.424957	
-0.421692	
-0.436188	
-0.421173	
-0.411316	
-0.423035	
-0.421021	
-0.41922	
-0.422821	
-0.435669	
-0.416626	
-0.423645	
-0.412872	
-0.422058	
-0.432709	
-0.418793	
-0.421661	
-0.420135	
-0.426361	
-0.423737	
-0.413635	
-0.412354	
-0.40625	
-0.423401	
-0.425415	
-0.426788	
-0.426331	
-0.405396	
-0.415894	
-0.414734	
-0.426392	
-0.416626	
-0.4245	
-0.420776	
-0.41156	
-0.429962	
-0.416656	
-0.411835	
-0.404297	
-0.419495	
-0.421997	
-0.420105	
-0.418396	
-0.406769	
-0.418915	
-0.434021	
-0.413422	
-0.424408	
-0.419769	
-0.42157	
-0.397949	
-0.415375	
-0.415222	
-0.426178	
-0.427765	
-0.406219	
-0.407898	
-0.417938	
-0.433502	
-0.428314	
-0.411682	
-0.417999	
-0.423553	
-0.426941	
-0.410492	
-0.415741	
-0.419586	
-0.41156	
-0.423645	
-0.419861	
-0.418701	
-0.407959	
-0.427338	
-0.416595	
-0.412872	
-0.431976	
-0.415802	
-0.415314	
-0.416992	
-0.426941	
-0.424011	
-0.419403	
-0.411926	
-0.408386	
-0.420868	
-0.421661	
-0.406342	
-0.421783	
-0.41037	
-0.417053	
-0.417023	
-0.435181	
-0.413727	
-0.420288	
-0.413971	
-0.420135	
-0.421783	
-0.415131	
-0.416412	
-0.416016	
-0.419403	
-0.426697	
-0.420105	
-0.408478	
-0.406494	
-0.417236	
-0.41275	
-0.419861	
-0.431549	
-0.409973	
-0.407654	
-0.407166	
-0.418549	
-0.403839	
-0.413208	
-0.426605	
-0.411743	
-0.422577	
-0.411072	
-0.414703	
-0.409393	
-0.416321	
-0.415405	
-0.411835	
-0.417938	
-0.40979	
-0.418243	
-0.427643	
-0.411224	
-0.409302	
-0.412384	
-0.420837	
-0.396698	
-0.429901	
-0.418182	
-0.402557	
-0.416321	
-0.412048	
-0.408112	
-0.423309	
-0.423798	
-0.412384	
-0.409546	
-0.41629	
-0.410828	
-0.422302	
-0.420349	
-0.42041	
-0.420532	
-0.412018	
-0.418915	
-0.407257	
-0.414368	
-0.41507	
-0.426086	
-0.418671	
-0.422302	
-0.42688	
-0.415283	
-0.417297	
-0.406738	
-0.417084	
-0.418854	
-0.414246	
-0.415985	
-0.421753	
-0.420715	
-0.403717	
-0.41037	
-0.408844	
-0.397919	
-0.415375	
-0.415802	
-0.435577	
-0.419678	
-0.419922	
-0.410217	
-0.399536	
-0.408081	
-0.406219	
-0.412659	
-0.417145	
-0.419678	
-0.419098	
-0.403748	
-0.402435	
-0.395508	
-0.416962	
-0.422272	
-0.407501	
-0.425629	
-0.419708	
-0.41507	
-0.402618	
-0.423676	
-0.403595	
-0.401245	
-0.41275	
-0.40213	
-0.412567	
-0.42038	
-0.405548	
-0.398834	
-0.41864	
-0.403717	
-0.405884	
-0.417145	
-0.4021	
-0.415802	
-0.426758	
-0.405304	
-0.404999	
-0.411621	
-0.421112	
-0.400818	
-0.421051	
-0.412323	
-0.407196	
-0.405334	
-0.405853	
-0.417816	
-0.420288	
-0.417908	
-0.406189	
-0.409821	
-0.418365	
-0.413239	
-0.425598	
-0.408173	
-0.414215	
-0.417114	
-0.405487	
-0.410095	
-0.406525	
-0.413849	
-0.407715	
-0.420502	
-0.399017	
-0.403076	
-0.418365	
-0.413757	
-0.416229	
-0.401794	
-0.415161	
-0.403046	
-0.408112	
-0.408203	
-0.399811	
-0.414734	
-0.412598	
-0.413177	
-0.423676	
-0.402802	
-0.398163	
-0.407135	
-0.425598	
-0.395935	
-0.413849	
-0.41861	
-0.404724	
-0.406433	
-0.405762	
-0.413147	
-0.407501	
-0.415314	
-0.408264	
-0.397278	
-0.402161	
-0.410248	
-0.416351	
-0.414459	
-0.404877	
-0.416138	
-0.407623	
-0.417358	
-0.417694	
-0.420288	
-0.408936	
-0.408691	
-0.406738	
-0.392822	
-0.407318	
-0.414185	
-0.416138	
-0.410248	
-0.403717	
-0.41153	
-0.413849	
-0.419861	
-0.403809	
-0.404449	
-0.409973	
-0.401459	
-0.417847	
-0.409607	
-0.4104	
-0.398071	
-0.401642	
-0.397034	
-0.41806	
-0.417114	
-0.412048	
-0.428528	
-0.417023	
-0.406281	
-0.406097	
-0.408203	
-0.406982	
-0.411835	
-0.426697	
-0.419281	
-0.403442	
-0.41153	
-0.409729	
-0.403503	
-0.405518	
-0.423859	
-0.40686	
-0.415497	
-0.411987	
-0.414063	
-0.414001	
-0.417816	
-0.412231	
-0.403778	
-0.418457	
-0.412994	
-0.394836	
-0.413879	
-0.406067	
-0.411224	
-0.415131	
-0.408417	
-0.403717	
-0.407196	
-0.403931	
-0.407715	
-0.439056	
-0.396729	
-0.401337	
-0.421692	
-0.396729	
-0.412994	
-0.417816	
-0.414398	
-0.399689	
-0.409363	
-0.401123	
-0.405243	
-0.412628	
-0.40863	
-0.417542	
-0.419037	
-0.408173	
-0.417908	
-0.412842	
-0.417969	
-0.390289	
-0.416138	
-0.413666	
-0.411255	
-0.413635	
-0.411682	
-0.412567	
-0.402588	
-0.413361	
-0.418732	
-0.399109	
-0.405579	
-0.421844	
-0.425079	
-0.394592	
-0.401306	
-0.40271	
-0.394196	
-0.420319	
-0.413757	
-0.403107	
-0.389893	
-0.415314	
-0.401398	
-0.405518	
-0.431274	
-0.416656	
-0.410461	
-0.409912	
-0.408142	
-0.405243	
-0.414978	
-0.414032	
-0.404236	
-0.407257	
-0.412933	
-0.397583	
-0.406616	
-0.405975	
-0.426239	
-0.409454	
-0.418793	
-0.402374	
-0.411591	
-0.407928	
-0.407837	
-0.416748	
-0.406677	
-0.4021	
-0.412659	
-0.421143	
-0.416962	
-0.416992	
-0.410828	
-0.408112	
-0.41507	
-0.402252	
-0.407898	
-0.42157	
-0.408661	
-0.405396	
-0.404144	
-0.42627	
-0.416199	
-0.411346	
-0.418732	
-0.40451	
-0.40863	
-0.411835	
-0.417206	
-0.404449	
-0.409149	
-0.410461	
-0.419525	
-0.417175	
-0.403229	
-0.411591	
-0.422211	
-0.415497	
-0.419434	
-0.401184	
-0.413971	
-0.394775	
-0.413177	
-0.410919	
-0.415253	
-0.417114	
-0.4104	
-0.41394	
-0.402893	
-0.405731	
-0.410736	
-0.408356	
-0.414825	
-0.422272	
-0.4198	
-0.396545	
-0.405396	
-0.416382	
-0.407501	
-0.416748	
-0.417572	
-0.417755	
-0.402985	
-0.421783	
-0.414886	
-0.404449	
-0.418457	
-0.417419	
-0.406372	
-0.418762	
-0.431091	
-0.413452	
-0.418793	
-0.414856	
-0.403625	
-0.426544	
-0.412323	
-0.40799	
-0.427429	
-0.40625	
-0.411407	
-0.411163	
-0.422821	
-0.405151	
-0.416199	
-0.410004	
-0.411133	
-0.422485	
-0.40329	
-0.411316	
-0.404572	
-0.406952	
-0.419037	
-0.412109	
-0.415466	
-0.417175	
-0.417053	
-0.411926	
-0.41098	
-0.415833	
-0.403778	
-0.427643	
-0.409058	
-0.422089	
-0.424957	
-0.414734	
-0.409637	
-0.404388	
-0.403931	
-0.407928	
-0.4216	
-0.415955	
-0.416626	
-0.4133	
-0.407501	
-0.414948	
-0.40271	
-0.415802	
-0.426239	
-0.419281	
-0.42215	
-0.421387	
-0.417603	
-0.400269	
-0.419128	
-0.408752	
-0.411224	
-0.426941	
-0.412781	
-0.416565	
-0.425598	
-0.418854	
-0.409943	
-0.421326	
-0.424835	
-0.411011	
-0.426361	
-0.411713	
-0.40683	
-0.425385	
-0.420227	
-0.416901	
-0.409668	
-0.414856	
-0.401642	
-0.432159	
-0.420441	
-0.416321	
-0.417969	
-0.415497	
-0.414703	
-0.417419	
-0.429688	
-0.425446	
-0.41684	
-0.414032	
-0.403412	
-0.426483	
-0.422211	
-0.416931	
-0.420563	
-0.418243	
-0.410004	
-0.412872	
-0.433533	
-0.409821	
-0.425232	
-0.421661	
-0.407043	
-0.420044	
-0.410553	
-0.421326	
-0.419403	
-0.423798	
-0.410248	
-0.408722	
-0.415619	
-0.41629	
-0.423492	
-0.427155	
-0.414093	
-0.421478	
-0.416565	
-0.427795	
-0.419067	
-0.429474	
-0.417725	
-0.419952	
-0.424774	
	
