E:\DOCUMENTS AND SETTINGS\JPOTAS\MEUS DOCUMENTOS\UFRJ\RSCI-BM 12 WK SERIES\070727-RSCI-BM-05\RSCI-BM-05-RSN\070727-RSCI-BM-05-RSN-0017.ACQ
0.025000 msec/sample
1 channel
Analog input
Volts
CH1	
2000	
-0.325195	
-0.330048	
-0.342377	
-0.338989	
-0.329254	
-0.330078	
-0.326355	
-0.335327	
-0.333069	
-0.331207	
-0.328339	
-0.336121	
-0.32959	
-0.326508	
-0.335907	
-0.337433	
-0.326599	
-0.32666	
-0.327332	
-0.334717	
-0.334106	
-0.343506	
-0.331451	
-0.337708	
-0.338715	
-0.324097	
-0.315704	
-0.326477	
-0.341431	
-0.334839	
-0.338745	
-0.327789	
-0.330597	
-0.32901	
-0.322327	
-0.333405	
-0.33371	
-0.335968	
-0.338867	
-0.333496	
-0.325958	
-0.330536	
-0.329834	
-0.33078	
-0.339264	
-0.331848	
-0.335571	
-0.332642	
-0.327698	
-0.331421	
-0.333038	
-0.335571	
-0.334778	
-0.347687	
-0.325409	
-0.328003	
-0.336212	
-0.335846	
-0.328094	
-0.329559	
-0.334381	
-0.330536	
-0.337708	
-0.335358	
-0.32901	
-0.342316	
-0.339569	
-0.33017	
-0.333099	
-0.340515	
-0.33429	
-0.32724	
-0.340912	
-0.336487	
-0.335114	
-0.336823	
-0.335907	
-0.335022	
-0.326111	
-0.331299	
-0.333771	
-0.337372	
-0.329224	
-0.337463	
-0.339874	
-0.329254	
-0.336731	
-0.325775	
-0.33371	
-0.334625	
-0.333069	
-0.328766	
-0.319489	
-0.335419	
-0.338074	
-0.337036	
-0.325134	
-0.33194	
-0.331543	
-0.331573	
-0.329193	
-0.332184	
-0.339264	
-0.342224	
-0.326324	
-0.319214	
-0.333374	
-0.345856	
-0.340881	
-0.334808	
-0.333466	
-0.338074	
-0.336456	
-0.332916	
-0.335114	
-0.329498	
-0.332275	
-0.329651	
-0.335999	
-0.329498	
-0.329193	
-0.333618	
-0.331909	
-0.338104	
-0.330109	
-0.331085	
-0.343201	
-0.337769	
-0.333344	
-0.326263	
-0.334656	
-0.332581	
-0.34256	
-0.338379	
-0.336945	
-0.33548	
-0.328339	
-0.341553	
-0.334442	
-0.337952	
-0.334808	
-0.348022	
-0.344666	
-0.34137	
-0.337952	
-0.322723	
-0.332825	
-0.344421	
-0.340179	
-0.33609	
-0.335419	
-0.334991	
-0.33551	
-0.337891	
-0.328888	
-0.326385	
-0.33847	
-0.331665	
-0.330902	
-0.331635	
-0.336151	
-0.333099	
-0.337921	
-0.334717	
-0.328156	
-0.331757	
-0.332611	
-0.336395	
-0.337158	
-0.33493	
-0.338348	
-0.334869	
-0.340698	
-0.335358	
-0.336792	
-0.328064	
-0.338959	
-0.33905	
-0.33548	
-0.3414	
-0.332458	
-0.338501	
-0.337524	
-0.333984	
-0.320709	
-0.333557	
-0.342682	
-0.339539	
-0.34021	
-0.33194	
-0.337189	
-0.331146	
-0.330536	
-0.335541	
-0.325226	
-0.32959	
-0.341339	
-3.19217	
-4.96912	
-2.46185	
-1.57925	
-1.23599	
-1.10397	
3.49936	
3.82394	
1.28903	
0.400085	
0.0818176	
-0.0629578	
-0.142426	
-0.182526	
-0.205658	
-0.229126	
-0.243164	
-0.246002	
-0.249329	
-0.26825	
-0.270935	
-0.267975	
-0.266693	
-0.280396	
-0.284058	
-0.277588	
-0.286041	
-0.285706	
-0.291718	
-0.288483	
-0.298462	
-0.306915	
-0.291809	
-0.29599	
-0.296753	
-0.298798	
-0.299988	
-0.300873	
-0.309082	
-0.306976	
-0.315002	
-0.306183	
-0.30722	
-0.306519	
-0.308197	
-0.31366	
-0.316406	
-0.327087	
-0.312897	
-0.311981	
-0.306335	
-0.312317	
-0.307739	
-0.307587	
-0.304199	
-0.311188	
-0.329468	
-0.321411	
-0.311829	
-0.312439	
-0.313843	
-0.313049	
-0.318359	
-0.326447	
-0.319733	
-0.318115	
-0.317688	
-0.31424	
-0.321777	
-0.314026	
-0.313629	
-0.310699	
-0.320862	
-0.309235	
-0.304565	
-0.31366	
-0.318604	
-0.320526	
-0.337158	
-0.34903	
-0.348328	
-0.353668	
-0.354736	
-0.348907	
-0.35199	
-0.344391	
-0.343201	
-0.341949	
-0.338593	
-0.328217	
-0.32486	
-0.33313	
-0.329254	
-0.325012	
-0.318542	
-0.327148	
-0.336151	
-0.336121	
-0.340363	
-0.333984	
-0.339874	
-0.3396	
-0.328003	
-0.335052	
-0.347931	
-0.359924	
-0.344604	
-0.340393	
-0.342377	
-0.345215	
-0.340698	
-0.319366	
-0.331299	
-0.333282	
-0.335846	
-0.323608	
-0.333099	
-0.341553	
-0.338257	
-0.335297	
-0.327484	
-0.344147	
-0.346741	
-0.338379	
-0.338684	
-0.334564	
-0.339233	
-0.352264	
-0.361084	
-0.347626	
-0.343781	
-0.338806	
-0.341888	
-0.336823	
-0.327515	
-0.336151	
-0.333801	
-0.33963	
-0.324554	
-0.325439	
-0.328613	
-0.338287	
-0.331635	
-0.322845	
-0.326569	
-0.330139	
-0.323975	
-0.326324	
-0.326141	
-0.332916	
-0.327423	
-0.332184	
-0.342896	
-0.350464	
-0.348724	
-0.336365	
-0.344788	
-0.339447	
-0.334656	
-0.32782	
-0.329559	
-0.33728	
-0.340668	
-0.335052	
-0.321045	
-0.333649	
-0.330261	
-0.341766	
-0.34845	
-0.338715	
-0.338287	
-0.336426	
-0.341034	
-0.330048	
-0.321381	
-0.321503	
-0.328217	
-0.343658	
-0.334381	
-0.334442	
-0.319061	
-0.33017	
-0.333282	
-0.326996	
-0.328552	
-0.338287	
-0.335724	
-0.32605	
-0.324585	
-0.324585	
-0.313477	
-0.336823	
-0.331299	
-0.328186	
-0.32843	
-0.33194	
-0.332642	
-0.331238	
-0.332977	
-0.317383	
-0.325928	
-0.335236	
-0.333527	
-0.334961	
-0.333801	
-0.3284	
-0.33075	
-0.341919	
-0.325104	
-0.322968	
-0.327362	
-0.324768	
-0.325684	
-0.331573	
-0.335663	
-0.324707	
-0.326111	
-0.333221	
-0.342957	
-0.338745	
-0.327728	
-0.346436	
-0.339355	
-0.338562	
-0.3302	
-0.330658	
-0.329315	
-0.342194	
-0.339081	
-0.335114	
-0.330536	
-0.329346	
-0.338928	
-0.344116	
-0.33551	
-0.333038	
-0.329468	
-0.339478	
-0.337006	
-0.335785	
-0.33725	
-0.343079	
-0.343811	
-0.327545	
-0.328979	
-0.329346	
-0.339508	
-0.336212	
-0.330811	
-0.329865	
-0.330902	
-0.336914	
-0.33493	
-0.3284	
-0.330109	
-0.334869	
-0.342682	
-0.332123	
-0.337982	
-0.332397	
-0.330688	
-0.344727	
-0.332611	
-0.330444	
-0.332916	
-0.333954	
-0.330322	
-0.331848	
-0.324219	
-0.32312	
-0.33139	
-0.335754	
-0.345337	
-0.329987	
-0.32489	
-0.338623	
-0.34137	
-0.335571	
-0.331909	
-0.332489	
-0.327271	
-0.343201	
-0.351288	
-0.337219	
-0.338318	
-0.331085	
-0.330017	
-0.331268	
-0.33963	
-0.317902	
-0.332825	
-0.333801	
-0.328674	
-0.319763	
-0.333527	
-0.330811	
-0.321014	
-0.323975	
-0.326813	
-0.320709	
-0.328156	
-0.32782	
-0.328156	
-0.320953	
-0.32608	
-0.329132	
-0.324371	
-0.331726	
-0.333344	
-0.33548	
-0.325317	
-0.333466	
-0.338135	
-0.325592	
-0.327606	
-0.328278	
-0.335938	
-0.334412	
-0.326813	
-0.325775	
-0.333099	
-0.333405	
-0.314575	
-0.3255	
-0.326447	
-0.324646	
-0.326233	
-0.322571	
-0.336823	
-0.322876	
-0.334534	
-0.325806	
-0.327423	
-0.322296	
-0.332886	
-0.329712	
-0.322693	
-0.329926	
-0.333832	
-0.328217	
-0.318298	
-0.31958	
-0.326599	
-0.329987	
-0.336548	
-0.325134	
-0.324005	
-0.326782	
-0.332336	
-0.329376	
-0.321716	
-0.33548	
-0.32785	
-0.32605	
-0.328217	
-0.325745	
-0.324188	
-0.33139	
-0.329651	
-0.326233	
-0.330872	
-0.329102	
-0.327576	
-0.328888	
-0.316254	
-0.327728	
-0.336395	
-0.329132	
-0.329346	
-0.328094	
-0.326813	
-0.323883	
-0.327271	
-0.323761	
-0.342712	
-0.330414	
-0.328125	
-0.338379	
-0.33371	
-0.321838	
-0.321594	
-0.328308	
-0.324432	
-0.332703	
-0.330688	
-0.33197	
-0.343536	
-0.331421	
-0.330627	
-0.327789	
-0.329651	
-0.324463	
-0.328857	
-0.339386	
-0.332123	
-0.335663	
-0.319702	
-0.327667	
-0.328766	
-0.327911	
-0.3237	
-0.326477	
-0.327942	
-0.330383	
-0.332977	
-0.320007	
-0.313995	
-0.335876	
-0.335815	
-0.331573	
-0.336761	
-0.331696	
-0.320343	
-0.325378	
-0.333862	
-0.326508	
-0.332214	
-0.332184	
-0.338806	
-0.333649	
-0.315186	
-0.329285	
-0.331787	
-0.334595	
-0.331299	
-0.331787	
-0.33316	
-0.332947	
-0.330536	
-0.328979	
-0.334442	
-0.32666	
-0.32309	
-0.331848	
-0.335297	
-0.340057	
-0.331116	
-0.333038	
-0.325897	
-0.335754	
-0.328674	
-0.335144	
-0.334259	
-0.332306	
-0.33548	
-0.331024	
-0.326935	
-0.333038	
-0.342651	
-0.330872	
-0.329651	
-0.332184	
-0.330505	
-0.343903	
-0.333862	
-0.331635	
-0.326569	
-0.327271	
-0.338379	
-0.339569	
-0.325531	
-0.316681	
-0.33606	
-0.339569	
-0.333954	
-0.334534	
-0.334198	
-0.338074	
-0.331604	
-0.324554	
-0.333801	
-0.33078	
-0.341431	
-0.331451	
-0.327179	
-0.331848	
-0.334717	
-0.33783	
-0.330261	
-0.338226	
-0.321869	
-0.328674	
-0.333099	
-0.337524	
-0.332581	
-0.323273	
-0.325867	
-0.325043	
-0.334778	
-0.334137	
-0.334442	
-0.333771	
-0.336609	
-0.347656	
-0.332245	
-0.319458	
-0.319031	
-0.33667	
-0.339264	
-0.34082	
-0.335632	
-0.320618	
-0.332214	
-0.334747	
-0.338745	
-0.327026	
-0.327545	
-0.338379	
-0.349609	
-0.33075	
-0.318939	
-0.326569	
-0.334106	
-0.337006	
-0.339844	
-0.331696	
-0.324768	
-0.322144	
-0.326416	
-0.334229	
-0.333008	
-0.3302	
-0.329315	
-0.33725	
-0.334656	
-0.338043	
-0.330536	
-0.332123	
-0.330902	
-0.33139	
-0.335907	
-0.333984	
-0.338745	
-0.339325	
-0.335846	
-0.335114	
-0.327301	
-0.336182	
-0.336456	
-0.341858	
-0.331116	
-0.330627	
-0.342499	
-0.328644	
-0.333313	
-0.325989	
-0.333282	
-0.328979	
-0.342834	
-0.338531	
-0.331818	
-0.324493	
-0.328247	
-0.341187	
-0.330383	
-0.327362	
-0.333252	
-0.33667	
-0.340149	
-0.33432	
-0.334229	
-0.324036	
-0.327301	
-0.340942	
-0.345032	
-0.34256	
-0.327209	
-0.332489	
-0.338287	
-0.345764	
-0.332489	
-0.329468	
-0.337769	
-0.337128	
-0.323639	
-0.324066	
-0.337585	
-0.347595	
-0.341217	
-0.334534	
-0.329742	
-0.335205	
-0.330505	
-0.330658	
-0.338684	
-0.333984	
-0.3349	
-0.33136	
-0.327393	
-0.331024	
-0.336182	
-0.334747	
-0.334778	
-0.340027	
-0.328888	
-0.334686	
-0.334381	
-0.330322	
-0.332581	
-0.33728	
-0.339783	
-0.338348	
-0.340485	
-0.331146	
-0.335876	
-0.330658	
-0.336548	
-0.335663	
-0.32782	
-0.338684	
-0.340363	
-0.338013	
-0.331421	
-0.348907	
-0.332001	
-0.324982	
-0.332336	
-0.331696	
-0.335571	
-0.337128	
-0.33606	
-0.331238	
-0.335266	
-0.332916	
-0.325806	
-0.340271	
-0.34552	
-0.331024	
-0.328949	
-0.339172	
-0.346924	
-0.330566	
-0.330933	
-0.333405	
-0.342072	
-0.340057	
-0.330688	
-0.334015	
-0.332001	
-0.341614	
-0.338654	
-0.339142	
-0.336212	
-0.335754	
-0.335266	
-0.328033	
-0.337555	
-0.32959	
-0.33017	
-0.338684	
-0.338745	
-0.343689	
-0.330383	
-0.330688	
-0.329346	
-0.346466	
-0.335083	
-0.335602	
-0.337341	
-0.338867	
-0.333069	
-0.327972	
-0.332458	
-0.33374	
-0.333282	
-0.340881	
-0.345551	
-0.332336	
-0.328156	
-0.34613	
-0.342285	
-0.33429	
-0.333679	
-0.339447	
-0.346527	
-0.347656	
-0.336029	
-0.324219	
-0.338379	
-0.346558	
-0.335052	
-0.336792	
-0.331604	
-0.338257	
-0.335815	
-0.33374	
-0.343109	
-0.337708	
-0.333618	
-0.339874	
-0.346924	
-0.334564	
-0.331879	
-0.336761	
-0.338837	
-0.345795	
-0.336456	
-0.341522	
-0.330414	
-0.336517	
-0.339264	
-0.335907	
-0.332886	
-0.334778	
-0.343781	
-0.342407	
-0.34314	
-0.337433	
-0.330994	
-0.335541	
-0.333008	
-0.340088	
-0.339264	
-0.341766	
-0.34201	
-0.337738	
-0.342407	
-0.324005	
-0.333679	
-0.334595	
-0.337158	
-0.33432	
-0.334717	
-0.334259	
-0.336639	
-0.336456	
-0.329773	
-0.325256	
-0.333588	
-0.340088	
-0.345551	
-0.335815	
-0.328339	
-0.328613	
-0.339417	
-0.344666	
-0.334167	
-0.325775	
-0.330078	
-0.351685	
-0.340179	
-0.333405	
-0.328888	
-0.325531	
-0.342133	
-0.344971	
-0.337555	
-0.33252	
-0.338562	
-0.332092	
-0.336426	
-0.339874	
-0.328156	
-0.345764	
-0.341064	
-0.342712	
-0.335022	
-0.334869	
-0.329285	
-0.336304	
-0.342804	
-0.334167	
-0.336426	
-0.33136	
-0.347443	
-0.336884	
-0.32785	
-0.326996	
-0.327393	
-0.330139	
-0.331299	
-0.344971	
-0.337463	
-0.328094	
-0.3302	
-0.337463	
-0.343323	
-0.331818	
-0.330444	
-0.340759	
-0.338196	
-0.331451	
-0.320862	
-0.336304	
-0.342865	
-0.345856	
-0.322083	
-0.32309	
-0.340363	
-0.340027	
-0.333771	
-0.325897	
-0.328827	
-0.347534	
-0.347107	
-0.342957	
-0.323578	
-0.324341	
-0.320221	
-0.335846	
-0.33078	
-0.333923	
-0.33902	
-0.325073	
-0.334839	
-0.338043	
-0.336426	
-0.330536	
-0.337402	
-0.336029	
-0.327667	
-0.33197	
-0.333252	
-0.335968	
-0.335938	
-0.330322	
-0.331024	
-0.332031	
-0.340607	
-0.33432	
-0.33847	
-0.335693	
-0.333527	
-0.32962	
-0.324951	
-0.330475	
-0.330505	
-0.335175	
-0.330811	
-0.339844	
-0.326782	
-0.320862	
-0.327148	
-0.334961	
-0.343658	
-0.339844	
-0.327026	
-0.334015	
-0.335938	
-0.330322	
-0.327209	
-0.329407	
-0.335266	
-0.348511	
-0.345245	
-0.332825	
-0.334412	
-0.323303	
-0.328369	
-0.337189	
-0.348145	
-0.337799	
-0.330597	
-0.327179	
-0.337036	
-0.343658	
-0.322601	
-0.322998	
-0.335541	
-0.330261	
-0.335205	
-0.335449	
-0.336517	
-0.328461	
-0.333069	
-0.325378	
-0.319977	
-0.336823	
-0.330902	
-0.339386	
-0.337982	
-0.329407	
-0.319763	
-0.331604	
-0.335876	
-0.330627	
-0.33609	
-0.332489	
-0.332611	
-0.338074	
-0.332092	
-0.332245	
-0.328064	
-0.329102	
-0.338776	
-0.338348	
-0.333832	
-0.334106	
-0.334442	
-0.326965	
-0.337372	
-0.32843	
-0.327698	
-0.330994	
-0.341522	
-0.337067	
-0.331543	
-0.321472	
-0.324585	
-0.333221	
-0.335938	
-0.327209	
-0.327026	
-0.331055	
-0.332916	
-0.327942	
-0.336884	
-0.334869	
-0.33963	
-0.332397	
-0.322327	
-0.333008	
-0.335327	
-0.332794	
-0.33197	
-0.341675	
-0.330719	
-0.32309	
-0.335632	
-0.332947	
-0.337646	
-0.339874	
-0.341553	
-0.33316	
-0.321136	
-0.317902	
-0.325684	
-0.343781	
-0.334229	
-0.331604	
-0.330658	
-0.336273	
-0.341156	
-0.321991	
-0.328369	
-0.330719	
-0.337952	
-0.331573	
-0.337769	
-0.331818	
-0.328888	
-0.332764	
-0.330933	
-0.328522	
-0.326172	
-0.327423	
-0.324799	
-0.334381	
-0.34079	
-0.327942	
-0.324799	
-0.332703	
-0.325256	
-0.331299	
-0.328308	
-0.33255	
-0.330933	
-0.334167	
-0.320557	
-0.326782	
-0.343079	
-0.337433	
-0.329865	
-0.32428	
-0.33313	
-0.333038	
-0.331451	
-0.336334	
-0.324982	
-0.332123	
-0.336823	
-0.342468	
-0.33194	
-0.326599	
-0.323242	
-0.331482	
-0.34082	
-0.326843	
-0.325928	
-0.324677	
-0.342255	
-0.330627	
-0.327362	
-0.323914	
-0.325073	
-0.33371	
-0.336273	
-0.333954	
-0.318665	
-0.316986	
-0.328705	
-0.330353	
-0.326172	
-0.326508	
-0.330566	
-0.334595	
-0.335175	
-0.336945	
-0.31955	
-0.317078	
-0.326416	
-0.342865	
-0.33136	
-0.32309	
-0.335327	
-0.33783	
-0.331421	
-0.319122	
-0.325623	
-0.331909	
-0.338562	
-0.334198	
-0.323303	
-0.320404	
-0.317169	
-0.333618	
-0.328186	
-0.327576	
-0.33313	
-0.315186	
-0.328674	
-0.331451	
-0.332153	
-0.322937	
-0.330841	
-0.332611	
-0.330566	
-0.330841	
-0.313599	
-0.323486	
-0.328705	
-0.330444	
-0.345795	
-0.334564	
-0.326904	
-0.329803	
-0.335083	
-0.329254	
-0.324585	
-0.31369	
-0.326782	
-0.345062	
-0.33078	
-0.329712	
-0.325012	
-0.321411	
-0.324738	
-0.326721	
-0.317932	
-0.328766	
-0.335083	
-0.330627	
-0.331818	
-0.330475	
-0.319519	
-0.322052	
-0.339081	
-0.34021	
-0.329681	
-0.32724	
-0.335358	
-0.339417	
-0.339203	
-0.321136	
-0.325806	
-0.332672	
-0.343414	
-0.329071	
-0.320984	
-0.332458	
-0.340881	
-0.338745	
-0.31427	
-0.324829	
-0.336578	
-0.323029	
-0.332611	
-0.334106	
-0.320343	
-0.315125	
-0.32843	
-0.33075	
-0.3349	
-0.332306	
-0.324005	
-0.331848	
-0.322418	
-0.328094	
-0.327209	
-0.335266	
-0.340759	
-0.334991	
-0.328003	
-0.327057	
-0.330322	
-0.326721	
-0.338043	
-0.340118	
-0.324707	
-0.327606	
-0.33902	
-0.333496	
-0.333344	
-0.330017	
-0.32309	
-0.319305	
-0.344513	
-0.33847	
-0.330292	
-0.317932	
-0.329132	
-0.334747	
-0.323639	
-0.328918	
-0.338074	
-0.331451	
-0.330109	
-0.331635	
-0.32663	
-0.327972	
-0.33844	
-0.331512	
-0.342102	
-0.332153	
-0.333832	
-0.334961	
-0.325531	
-0.32489	
-0.327972	
-0.337067	
-0.338257	
-0.349274	
-0.326508	
-0.326202	
-0.330994	
-0.332672	
-0.3367	
-0.336823	
-0.333221	
-0.331787	
-0.326843	
-0.324341	
-0.333801	
-0.33905	
-0.327179	
-0.328217	
-0.336609	
-0.338257	
-0.3414	
-0.325928	
-0.33078	
-0.331268	
-0.338104	
-0.32663	
-0.322388	
-0.333282	
-0.344208	
-0.341919	
-0.330994	
-0.337463	
-0.34436	
-0.330719	
-0.329468	
-0.338715	
-0.342285	
-0.327332	
-0.335724	
-0.334076	
-0.328186	
-0.328247	
-0.328247	
-0.336456	
-0.333862	
-0.337708	
-0.33078	
-0.336578	
-0.323792	
-0.322266	
-0.335632	
-0.334717	
-0.338104	
-0.335297	
-0.323364	
-0.327545	
-0.326538	
-0.336151	
-0.335022	
-0.336945	
-0.33139	
-0.331512	
-0.334412	
-0.33252	
-0.342621	
-0.327057	
-0.322174	
-0.326721	
-0.3396	
-0.339996	
-0.340179	
-0.333252	
-0.334778	
-0.334534	
-0.328583	
-0.331268	
-0.338654	
-0.332825	
-0.334351	
-0.331909	
-0.338654	
-0.337158	
-0.326202	
-0.327637	
-0.338287	
-0.340637	
-0.32724	
-0.340088	
-0.335022	
-0.336884	
-0.331146	
-0.33313	
-0.329926	
-0.335022	
-0.338562	
-0.33548	
-0.340851	
-0.337341	
-0.331451	
-0.32312	
-0.32666	
-0.339417	
-0.334442	
-0.338379	
-0.337067	
-0.332886	
-0.336487	
-0.334351	
-0.334106	
-0.335205	
-0.34259	
-0.331421	
-0.327576	
-0.331177	
-0.332397	
-0.339508	
-0.334808	
-0.330078	
-0.326447	
-0.339722	
-0.351166	
-0.331085	
-0.339081	
-0.333374	
-0.327576	
-0.330658	
-0.329742	
-0.324799	
-0.324951	
-0.345642	
-0.3414	
-0.332153	
-0.315186	
-0.331116	
-0.337219	
-0.330811	
-0.326965	
-0.329498	
-0.33548	
-0.338501	
-0.334717	
-0.33194	
-0.328094	
-0.329834	
-0.341553	
-0.348572	
-0.336853	
-0.327026	
-0.340424	
-0.343048	
-0.344025	
-0.346283	
-0.329254	
-0.321259	
-0.342621	
-0.345734	
-0.337463	
-0.338959	
-0.340576	
-0.338013	
-0.336334	
-0.335266	
-0.334778	
-0.331238	
-0.340729	
-0.333099	
-0.325989	
-0.329224	
-0.345795	
-0.340424	
-0.334839	
-0.329712	
-0.324921	
-0.345032	
-0.338959	
-0.330841	
-0.331421	
-0.34201	
-0.3414	
-0.33606	
-0.329407	
-0.332184	
-0.341248	
-0.335602	
-0.339355	
-0.341583	
-0.333282	
-0.342346	
-0.337219	
-0.336639	
-0.33374	
-0.326843	
-0.327393	
-0.334534	
-0.351318	
-0.333588	
-0.331726	
-0.325043	
-0.338257	
-0.337402	
-0.329315	
-0.329651	
-0.32608	
-0.334747	
-0.340057	
-0.334778	
-0.331818	
-0.3349	
-0.340668	
-0.336151	
-0.345154	
-0.343018	
-0.338715	
-0.341003	
-0.33963	
-0.341156	
-0.332092	
-0.337555	
-0.341797	
-0.345978	
-0.335907	
-0.333557	
-0.337372	
-0.337372	
-0.346222	
-0.340942	
-0.333282	
-0.33725	
-0.331482	
-0.335724	
-0.332703	
-0.335327	
-0.329529	
-0.339325	
-0.341553	
-0.342407	
-0.341827	
-0.320984	
-0.331024	
-0.341553	
-0.345245	
-0.334259	
-0.336548	
-0.340973	
-0.349457	
-0.338959	
-0.328339	
-0.332306	
-0.334473	
-0.338684	
-0.345276	
-0.348114	
-0.336609	
-0.329742	
-0.335571	
-0.328552	
-0.333405	
-0.329956	
-0.323944	
-0.339874	
-0.341339	
-0.333405	
-0.322327	
-0.331726	
-0.338745	
-0.33078	
-0.328705	
-0.328369	
-0.340973	
-0.339661	
-0.325562	
-0.341644	
-0.333801	
-0.340576	
-0.335693	
-0.335846	
-0.326874	
-0.342072	
-0.34024	
-0.328735	
-0.347137	
-0.332336	
-0.327545	
-0.341553	
-0.346832	
-0.336243	
-0.330627	
-0.326752	
-0.334595	
-0.341278	
-0.330322	
-0.338379	
-0.342133	
-0.329803	
-0.328522	
-0.332428	
-0.334106	
-0.337616	
-0.336975	
-0.338348	
-0.342224	
-0.34137	
-0.328064	
-0.335327	
-0.33493	
-0.339691	
-0.333801	
-0.331299	
-0.329102	
-0.346619	
-0.351013	
-0.335846	
-0.321381	
-0.330963	
-0.33725	
-0.337006	
-0.329559	
-0.336029	
-0.332153	
-0.329041	
-0.325806	
-0.329376	
-0.336578	
-0.334961	
-0.329376	
-0.32605	
-0.336975	
-0.329681	
-0.328918	
-0.331451	
-0.32901	
-0.34079	
-0.338074	
-0.334839	
-0.330261	
-0.326141	
-0.337677	
-0.333984	
-0.335754	
-0.325012	
-0.335266	
-0.329224	
-0.325867	
-0.327057	
-0.32547	
-0.345337	
-0.336334	
-0.327789	
-0.316315	
-0.335541	
-0.340515	
-0.33197	
-0.324951	
-0.320007	
-0.326355	
-0.334381	
-0.331268	
-0.325806	
-0.333984	
-0.340332	
-0.339874	
-0.335602	
-0.330597	
-0.326843	
-0.331665	
-0.334686	
-0.346771	
-0.337158	
-0.322449	
-0.323273	
-0.343597	
-0.335388	
-0.326385	
-0.337006	
-0.338196	
-0.337769	
-0.335419	
-0.327606	
-0.33075	
-0.329315	
-0.331024	
-0.342255	
-0.343048	
-0.327911	
-0.326996	
-0.329437	
-0.328613	
-0.339355	
-0.3302	
-0.338165	
-0.33786	
-0.333038	
-0.328064	
-0.336578	
-0.338928	
-0.325226	
-0.324951	
-0.326996	
-0.337067	
-0.342163	
-0.333649	
-0.338593	
-0.331024	
-0.329651	
-0.313385	
-0.329834	
-0.340668	
-0.340698	
-0.324646	
-0.320587	
-0.327637	
-0.327789	
-0.333374	
-0.317505	
-0.331818	
-0.338806	
-0.336151	
-0.325684	
-0.326324	
-0.327545	
-0.327911	
-0.324341	
-0.336975	
-0.339203	
-0.328278	
-0.33075	
-0.338379	
-0.333313	
-0.325226	
-0.329346	
-0.325317	
-0.342621	
-0.343048	
-0.332245	
-0.323853	
-0.327484	
-0.330627	
-0.324829	
-0.339447	
-0.331757	
-0.329987	
-0.330902	
-0.33252	
-0.328278	
-0.31662	
-0.331909	
-0.332947	
-0.343872	
-0.33078	
-0.327484	
-0.338348	
-0.341003	
-0.333801	
-0.320038	
-0.333344	
-0.330902	
-0.337372	
-0.331146	
-0.337189	
-0.334137	
-0.343994	
-0.333862	
-0.324158	
-0.320923	
-0.325684	
-0.346558	
-0.337799	
-0.334137	
-0.327301	
-0.322662	
-0.332672	
-0.337067	
-0.32785	
-0.325409	
-0.322968	
-0.330261	
-0.3367	
-0.330078	
-0.313965	
-0.32782	
-0.34021	
-0.323608	
-0.324097	
-0.324432	
-0.322968	
-0.330505	
-0.337433	
-0.34256	
-0.322754	
-0.323517	
-0.3255	
-0.336945	
-0.332153	
-0.326874	
-0.324677	
-0.321686	
-0.339966	
-0.321136	
-0.326233	
-0.330902	
-0.332245	
-0.322906	
-0.3255	
-0.330017	
-0.328308	
-0.337585	
-0.326813	
-0.328705	
-0.338501	
-0.328766	
-0.318817	
-0.326691	
-0.334595	
-0.33197	
-0.334503	
-0.326752	
-0.330292	
-0.335144	
-0.335876	
-0.328522	
-0.324249	
-0.334442	
-0.333374	
-0.330811	
-0.327545	
-0.339355	
-0.331116	
-0.322327	
-0.328125	
-0.331787	
-0.317963	
-0.324493	
-0.330139	
-0.329895	
-0.324127	
-0.323029	
-0.332275	
-0.327606	
-0.328125	
-0.320251	
-0.336639	
-0.331696	
-0.330933	
-0.323853	
-0.318756	
-0.328918	
-0.325684	
-0.328217	
-0.32843	
-0.335114	
-0.332275	
-0.318481	
-0.331085	
-0.334717	
-0.335388	
-0.317902	
-0.334442	
-0.326233	
-0.32312	
-0.319489	
-0.324585	
-0.340851	
-0.328217	
-0.32428	
-0.320801	
-0.338959	
-0.318939	
-0.31842	
-0.320892	
-0.320099	
-0.334839	
-0.33847	
-0.323212	
-0.322083	
-0.330811	
-0.323334	
-0.330109	
-0.326447	
-0.329865	
-0.335632	
-0.333221	
-0.326202	
-0.340485	
-0.319031	
-0.314728	
-0.330353	
-0.33194	
-0.332275	
-0.329742	
-0.330536	
-0.330048	
-0.340363	
-0.326965	
-0.320709	
-0.33609	
-0.327301	
-0.334503	
-0.330292	
-0.332428	
-0.326538	
-0.332428	
-0.331726	
-0.323669	
-0.330505	
-0.323456	
-0.332336	
-0.326996	
-0.333679	
-0.33194	
-0.332092	
-0.325592	
-0.323975	
-0.334686	
-0.329346	
-0.329407	
-0.329376	
-0.323853	
-0.322113	
-0.33432	
-0.332306	
-0.328827	
-0.330322	
-0.328949	
-0.33017	
-0.320099	
-0.313873	
-0.327515	
-0.334961	
-0.334503	
-0.324097	
-0.328705	
-0.329712	
-0.328217	
-0.319427	
-0.325531	
-0.332764	
-0.331879	
-0.324646	
-0.339752	
-0.33313	
-0.332581	
-0.333557	
-0.334839	
-0.322662	
-0.325287	
-0.334961	
-0.332306	
-0.339874	
-0.32428	
-0.325256	
-0.322632	
-0.334137	
-0.340729	
-0.326202	
-0.331543	
-0.331848	
-0.333588	
-0.328369	
-0.333496	
-0.330353	
-0.319092	
-0.333374	
-0.336609	
-0.338593	
-0.322388	
-0.319061	
-0.330597	
-0.339661	
-0.339966	
-0.331024	
-0.333649	
-0.327057	
-0.343353	
-0.334198	
-0.332153	
	
