E:\DOCUMENTS AND SETTINGS\JPOTAS\MEUS DOCUMENTOS\UFRJ\RSCI-BM 12 WK SERIES\070730-RSCI-BM-09\RSCI-BM-09-RSN\070730-RSCI-BM-09-RSN-0021.ACQ
0.025000 msec/sample
1 channel
Analog input
Volts
CH1	
2000	
-0.406372	
-0.414795	
-0.4133	
-0.418884	
-0.423981	
-0.404846	
-0.409119	
-0.420197	
-0.410736	
-0.409363	
-0.408813	
-0.414581	
-0.413422	
-0.419739	
-0.417023	
-0.403351	
-0.423096	
-0.411346	
-0.41687	
-0.414459	
-0.4086	
-0.417572	
-0.421326	
-0.41507	
-0.408386	
-0.408722	
-0.404999	
-0.402069	
-0.426544	
-0.408936	
-0.41449	
-0.420166	
-0.410858	
-0.406342	
-0.40863	
-0.410736	
-0.418488	
-0.416443	
-0.410034	
-0.417297	
-0.422119	
-0.408539	
-0.411652	
-0.402557	
-0.408661	
-0.411774	
-0.420197	
-0.41394	
-0.41806	
-0.413361	
-0.414764	
-0.417023	
-0.409729	
-0.417877	
-0.411072	
-0.414886	
-0.42569	
-0.415344	
-0.410858	
-0.410156	
-0.414825	
-0.406006	
-0.417664	
-0.422272	
-0.417999	
-0.420624	
-0.410278	
-0.41098	
-0.42157	
-0.413452	
-0.413361	
-0.412323	
-0.41684	
-0.411957	
-0.412598	
-0.41925	
-0.405029	
-0.423706	
-0.421143	
-0.427734	
-0.411072	
-0.405487	
-0.414337	
-0.414124	
-0.418152	
-0.424652	
-0.417297	
-0.411072	
-0.405548	
-0.421539	
-0.413696	
-0.416138	
-0.415649	
-0.417389	
-0.419373	
-0.415283	
-0.416809	
-0.425201	
-0.421814	
-0.410095	
-0.411896	
-0.42453	
-0.41803	
-0.412201	
-0.404449	
-0.417816	
-0.413361	
-0.421875	
-0.412537	
-0.412537	
-0.415924	
-0.417358	
-0.411987	
-0.417999	
-0.432709	
-0.40802	
-0.410797	
-0.42691	
-0.412079	
-0.417511	
-0.40979	
-0.415466	
-0.420807	
-0.420258	
-0.410339	
-0.419739	
-0.422821	
-0.409607	
-0.416626	
-0.422455	
-0.40921	
-0.419678	
-0.426514	
-0.420197	
-0.409515	
-0.416473	
-0.415863	
-0.408966	
-0.421875	
-0.415588	
-0.411499	
-0.416229	
-0.417145	
-0.417877	
-0.416473	
-0.420593	
-0.413513	
-0.41864	
-0.412048	
-0.404846	
-0.423676	
-0.422302	
-0.42218	
-0.410706	
-0.408539	
-0.412415	
-0.420685	
-0.424377	
-0.420227	
-0.435089	
-0.412506	
-0.409821	
-0.419891	
-0.420502	
-0.416321	
-0.416626	
-0.417267	
-0.403351	
-0.423462	
-0.417358	
-0.410278	
-0.419556	
-0.423492	
-0.418976	
-0.415833	
-0.426147	
-0.410187	
-0.412018	
-0.423615	
-0.408295	
-0.431854	
-0.413605	
-0.411682	
-0.404907	
-0.414246	
-0.424072	
-0.424225	
-0.422546	
-0.419159	
-0.426331	
-0.425171	
-0.417694	
-0.41507	
-0.41394	
-0.420502	
-0.41571	
-0.419281	
-2.92856	
-4.06857	
-2.19061	
-1.56628	
-1.34274	
-1.23236	
3.46121	
2.70059	
0.713043	
0.130646	
-0.0848999	
-0.186615	
-0.226654	
-0.256805	
-0.293121	
-0.299957	
-0.315643	
-0.325775	
-0.336853	
-0.341553	
-0.35025	
-0.352539	
-0.359833	
-0.361816	
-0.356781	
-0.368958	
-0.375458	
-0.376648	
-0.375824	
-0.370239	
-0.366028	
-0.369019	
-0.392212	
-0.380035	
-0.382019	
-0.390259	
-0.395203	
-0.385162	
-0.380615	
-0.388855	
-0.385834	
-0.394379	
-0.399719	
-0.382507	
-0.397614	
-0.388123	
-0.383209	
-0.391602	
-0.405701	
-0.408661	
-0.40097	
-0.401855	
-0.391571	
-0.40451	
-0.410126	
-0.406464	
-0.404541	
-0.401154	
-0.400452	
-0.397186	
-0.402832	
-0.412811	
-0.397095	
-0.405975	
-0.397522	
-0.40387	
-0.408905	
-0.409424	
-0.409943	
-0.404327	
-0.403931	
-0.408112	
-0.408386	
-0.40387	
-0.402832	
-0.416809	
-0.402893	
-0.414734	
-0.413971	
-0.411499	
-0.408112	
-0.405914	
-0.409637	
-0.412476	
-0.414368	
-0.406403	
-0.406952	
-0.413116	
-0.404358	
-0.406586	
-0.405792	
-0.40683	
-0.405334	
-0.429291	
-0.414246	
-0.406403	
-0.414307	
-0.41629	
-0.413849	
-0.415344	
-0.422272	
-0.417175	
-0.428436	
-0.432251	
-0.415527	
-0.420074	
-0.4263	
-0.430298	
-0.421753	
-0.414856	
-0.422516	
-0.423706	
-0.422913	
-0.412811	
-0.425842	
-0.435181	
-0.420685	
-0.411316	
-0.414093	
-0.414093	
-0.40741	
-0.411407	
-0.426117	
-0.413757	
-0.424835	
-0.421875	
-0.43457	
-0.438446	
-0.434113	
-0.431915	
-0.435272	
-0.435608	
-0.432373	
-0.436859	
-0.427582	
-0.409943	
-0.424713	
-0.4245	
-0.431396	
-0.427124	
-0.432434	
-0.434631	
-0.431488	
-0.429169	
-0.428436	
-0.423645	
-0.42569	
-0.429352	
-0.429718	
-0.429688	
-0.434357	
-0.42392	
-0.41748	
-0.417328	
-0.427551	
-0.416931	
-0.413574	
-0.417267	
-0.419464	
-0.428955	
-0.41803	
-0.42215	
-0.411804	
-0.416565	
-0.431183	
-0.426727	
-0.419708	
-0.42923	
-0.424561	
-0.418671	
-0.426331	
-0.428406	
-0.425232	
-0.440887	
-0.41391	
-0.430176	
-0.441895	
-0.424408	
-0.419189	
-0.428253	
-0.423828	
-0.418274	
-0.424316	
-0.420319	
-0.418915	
-0.434845	
-0.412262	
-0.422607	
-0.423615	
-0.413025	
-0.415436	
-0.411285	
-0.411102	
-0.420349	
-0.420929	
-0.410492	
-0.41153	
-0.421936	
-0.414307	
-0.424072	
-0.416473	
-0.411682	
-0.421539	
-0.423309	
-0.419586	
-0.414368	
-0.42392	
-0.417816	
-0.419983	
-0.42923	
-0.424438	
-0.417084	
-0.417114	
-0.415527	
-0.421051	
-0.432281	
-0.419769	
-0.404877	
-0.421814	
-0.419739	
-0.425171	
-0.425751	
-0.429108	
-0.414001	
-0.418671	
-0.426025	
-0.417023	
-0.429657	
-0.425323	
-0.414642	
-0.423065	
-0.4245	
-0.421448	
-0.418396	
-0.423676	
-0.408386	
-0.417694	
-0.419617	
-0.425568	
-0.418793	
-0.404999	
-0.412506	
-0.424622	
-0.42337	
-0.418793	
-0.40567	
-0.419464	
-0.420715	
-0.418396	
-0.417938	
-0.425934	
-0.426605	
-0.422455	
-0.421753	
-0.421509	
-0.424133	
-0.414703	
-0.412231	
-0.426331	
-0.422455	
-0.418549	
-0.417572	
-0.415558	
-0.412811	
-0.416809	
-0.416779	
-0.408691	
-0.419464	
-0.418701	
-0.41861	
-0.41214	
-0.415131	
-0.415405	
-0.416229	
-0.414886	
-0.422272	
-0.428162	
-0.418396	
-0.407532	
-0.419067	
-0.413696	
-0.424805	
-0.418579	
-0.420471	
-0.413055	
-0.417999	
-0.419861	
-0.412994	
-0.427979	
-0.423859	
-0.413513	
-0.409882	
-0.410461	
-0.420654	
-0.422241	
-0.426697	
-0.410736	
-0.42038	
-0.415466	
-0.413696	
-0.4198	
-0.417969	
-0.423706	
-0.422913	
-0.42337	
-0.421692	
-0.405945	
-0.417358	
-0.417908	
-0.422974	
-0.426483	
-0.422882	
-0.419769	
-0.412079	
-0.415375	
-0.414276	
-0.416809	
-0.420715	
-0.41864	
-0.424103	
-0.416779	
-0.416199	
-0.413055	
-0.40918	
-0.415222	
-0.414551	
-0.417145	
-0.417175	
-0.418427	
-0.412415	
-0.412811	
-0.410858	
-0.409454	
-0.412018	
-0.411865	
-0.411987	
-0.420654	
-0.422577	
-0.411072	
-0.400787	
-0.410675	
-0.414703	
-0.415405	
-0.407623	
-0.419952	
-0.413361	
-0.415375	
-0.426697	
-0.410858	
-0.40802	
-0.412872	
-0.409607	
-0.411896	
-0.420166	
-0.422882	
-0.418945	
-0.415527	
-0.397858	
-0.411407	
-0.415344	
-0.413269	
-0.425049	
-0.423218	
-0.412476	
-0.40863	
-0.413422	
-0.413422	
-0.408966	
-0.420807	
-0.415497	
-0.422913	
-0.419678	
-0.408875	
-0.411072	
-0.410645	
-0.420685	
-0.42334	
-0.416718	
-0.411743	
-0.412201	
-0.4151	
-0.411896	
-0.416748	
-0.418915	
-0.416656	
-0.419189	
-0.417847	
-0.412384	
-0.406403	
-0.415894	
-0.418488	
-0.417297	
-0.417358	
-0.416748	
-0.413452	
-0.409943	
-0.408203	
-0.418121	
-0.42218	
-0.409546	
-0.401886	
-0.421509	
-0.415741	
-0.416565	
-0.416443	
-0.417084	
-0.404633	
-0.40686	
-0.419586	
-0.421265	
-0.414124	
-0.412872	
-0.411133	
-0.416718	
-0.416809	
-0.413147	
-0.404114	
-0.409882	
-0.40564	
-0.419556	
-0.421509	
-0.41217	
-0.414063	
-0.414581	
-0.419647	
-0.407623	
-0.413879	
-0.422943	
-0.415314	
-0.418823	
-0.405029	
-0.41803	
-0.420929	
-0.41394	
-0.407349	
-0.406647	
-0.416718	
-0.416504	
-0.409912	
-0.404755	
-0.410004	
-0.425018	
-0.414185	
-0.414215	
-0.419769	
-0.412842	
-0.411957	
-0.415009	
-0.416962	
-0.4086	
-0.416656	
-0.406311	
-0.409882	
-0.417542	
-0.418274	
-0.418396	
-0.419189	
-0.413788	
-0.420654	
-0.415619	
-0.405731	
-0.410065	
-0.415894	
-0.405609	
-0.410309	
-0.409882	
-0.408722	
-0.4086	
-0.412781	
-0.408203	
-0.410736	
-0.414917	
-0.414063	
-0.409515	
-0.411621	
-0.410889	
-0.42038	
-0.417389	
-0.408539	
-0.398285	
-0.41507	
-0.413666	
-0.406433	
-0.416168	
-0.412567	
-0.410858	
-0.410217	
-0.409241	
-0.410675	
-0.413391	
-0.416046	
-0.405823	
-0.417023	
-0.414276	
-0.4151	
-0.413635	
-0.401825	
-0.409302	
-0.414215	
-0.406921	
-0.404327	
-0.4104	
-0.415649	
-0.410675	
-0.408875	
-0.411255	
-0.417572	
-0.411194	
-0.407196	
-0.410797	
-0.405823	
-0.415833	
-0.411957	
-0.413879	
-0.414703	
-0.418213	
-0.408173	
-0.408997	
-0.413086	
-0.421234	
-0.427399	
-0.413635	
-0.408569	
-0.413361	
-0.418976	
-0.413757	
-0.409546	
-0.414551	
-0.411072	
-0.415253	
-0.42038	
-0.411896	
-0.414398	
-0.418701	
-0.406097	
-0.408997	
-0.42038	
-0.427338	
-0.415619	
-0.41095	
-0.401978	
-0.414612	
-0.41629	
-0.418762	
-0.413879	
-0.410706	
-0.40979	
-0.411407	
-0.414307	
-0.418457	
-0.414398	
-0.422241	
-0.407593	
-0.416229	
-0.418549	
-0.417114	
-0.413879	
-0.409027	
-0.41925	
-0.417175	
-0.405365	
-0.413025	
-0.420166	
-0.419708	
-0.413635	
-0.409882	
-0.410034	
-0.417419	
-0.420868	
-0.416443	
-0.413513	
-0.406128	
-0.417023	
-0.41507	
-0.405457	
-0.416412	
-0.42157	
-0.4151	
-0.414551	
-0.408325	
-0.416962	
-0.43158	
-0.41452	
-0.410034	
-0.416748	
-0.420959	
-0.419037	
-0.413513	
-0.420593	
-0.406403	
-0.421631	
-0.419189	
-0.411682	
-0.418762	
-0.419067	
-0.418976	
-0.407227	
-0.408966	
-0.413513	
-0.415283	
-0.413574	
-0.410828	
-0.424133	
-0.417908	
-0.41449	
-0.415009	
-0.414734	
-0.414581	
-0.41153	
-0.417664	
-0.414185	
-0.418732	
-0.429169	
-0.407745	
-0.41507	
-0.42453	
-0.418945	
-0.416199	
-0.410126	
-0.414978	
-0.419525	
-0.413574	
-0.409943	
-0.417084	
-0.420685	
-0.413635	
-0.416565	
-0.413727	
-0.41394	
-0.418701	
-0.425598	
-0.417084	
-0.403442	
-0.410919	
-0.414398	
-0.412537	
-0.417206	
-0.42514	
-0.423157	
-0.410461	
-0.406799	
-0.415619	
-0.423431	
-0.416595	
-0.42276	
-0.420135	
-0.421753	
-0.419128	
-0.412201	
-0.424133	
-0.416992	
-0.417023	
-0.420776	
-0.417755	
-0.422821	
-0.423889	
-0.41806	
-0.406403	
-0.41391	
-0.41806	
-0.417328	
-0.41803	
-0.412781	
-0.42395	
-0.425232	
-0.417236	
-0.411285	
-0.416534	
-0.416931	
-0.412201	
-0.423981	
-0.422272	
-0.423767	
-0.431091	
-0.420105	
-0.415497	
-0.424103	
-0.421631	
-0.420197	
-0.415466	
-0.420746	
-0.425293	
-0.421722	
-0.409882	
-0.416626	
-0.418243	
-0.415405	
-0.422516	
-0.423889	
-0.423981	
-0.418152	
-0.418915	
-0.41333	
-0.413574	
-0.423584	
-0.419281	
-0.416931	
-0.422821	
-0.423218	
-0.4198	
-0.417175	
-0.415771	
-0.424835	
-0.433289	
-0.418701	
-0.412384	
-0.417755	
-0.421509	
-0.412506	
-0.416718	
-0.427277	
-0.426605	
-0.419586	
-0.416351	
-0.415131	
-0.42453	
-0.420746	
-0.417145	
-0.412689	
-0.425079	
-0.422729	
-0.414642	
-0.407867	
-0.413055	
-0.423798	
-0.427734	
-0.418304	
-0.420013	
-0.41629	
-0.414764	
-0.411804	
-0.424713	
-0.41394	
-0.41449	
-0.424225	
-0.420319	
-0.421173	
-0.423859	
-0.422638	
-0.423004	
-0.410492	
-0.419769	
-0.416748	
-0.427307	
-0.417847	
-0.418915	
-0.424316	
-0.423187	
-0.421722	
-0.414917	
-0.423279	
-0.418121	
-0.427368	
-0.422363	
-0.413727	
-0.412384	
-0.418701	
-0.424591	
-0.419281	
-0.419952	
-0.4216	
-0.421295	
-0.424469	
-0.421936	
-0.424286	
-0.421204	
-0.416748	
-0.415222	
-0.418243	
-0.420837	
-0.417694	
-0.421997	
-0.421295	
-0.417053	
-0.426605	
-0.416931	
-0.420013	
-0.420074	
-0.419983	
-0.416138	
-0.421509	
-0.418732	
-0.421783	
-0.415955	
-0.423706	
-0.415863	
-0.423279	
-0.419006	
-0.426178	
-0.419769	
-0.417419	
-0.421875	
-0.421692	
-0.410583	
-0.419281	
-0.427094	
-0.420471	
-0.421844	
-0.434601	
-0.422913	
-0.4198	
-0.414581	
-0.422699	
-0.418671	
-0.415375	
-0.420563	
-0.423981	
-0.42569	
-0.420166	
-0.41864	
-0.419189	
-0.42688	
-0.420166	
-0.428436	
-0.41684	
-0.418121	
-0.425751	
-0.420898	
-0.412781	
-0.422333	
-0.42746	
-0.42688	
-0.428345	
-0.426147	
-0.425781	
-0.428253	
-0.421722	
-0.422913	
-0.418091	
-0.418701	
-0.425507	
-0.43045	
-0.424957	
-0.424377	
-0.418854	
-0.423645	
-0.413818	
-0.421814	
-0.418671	
-0.427521	
-0.420685	
-0.418701	
-0.418915	
-0.418976	
-0.411774	
-0.422852	
-0.421478	
-0.425659	
-0.415985	
-0.420929	
-0.419495	
-0.424377	
-0.415497	
-0.418152	
-0.413086	
-0.421478	
-0.426392	
-0.422699	
-0.419006	
-0.422852	
-0.421906	
-0.420074	
-0.407227	
-0.417084	
-0.421844	
-0.417633	
-0.412323	
-0.409424	
-0.414001	
-0.417511	
-0.420013	
-0.41806	
-0.423553	
-0.41275	
-0.426636	
-0.418854	
-0.415741	
-0.419586	
-0.415558	
-0.412262	
-0.419434	
-0.425293	
-0.426483	
-0.416687	
-0.420197	
-0.421844	
-0.427429	
-0.418518	
-0.430603	
-0.42099	
-0.416412	
-0.420166	
-0.422302	
-0.423767	
-0.419128	
-0.420288	
-0.422424	
-0.412689	
-0.421875	
-0.420715	
-0.421814	
-0.412537	
-0.41925	
-0.418274	
-0.417419	
-0.410828	
-0.416992	
-0.417511	
-0.42038	
-0.41983	
-0.417877	
-0.415405	
-0.423096	
-0.412018	
-0.414063	
-0.412872	
-0.418274	
-0.420197	
-0.420166	
-0.416718	
-0.420349	
-0.415497	
-0.414093	
-0.41568	
-0.418518	
-0.418182	
-0.415527	
-0.412262	
-0.414734	
-0.421814	
-0.413116	
-0.414368	
-0.419922	
-0.420166	
-0.405731	
-0.420319	
-0.421661	
-0.41745	
-0.419891	
-0.412231	
-0.410278	
-0.424286	
-0.422699	
-0.413147	
-0.413208	
-0.429352	
-0.425995	
-0.425018	
-0.411407	
-0.418091	
-0.414642	
-0.417206	
-0.418976	
-0.421692	
-0.426239	
-0.418823	
-0.415192	
-0.421814	
-0.40683	
-0.417816	
-0.421844	
-0.420654	
-0.411438	
-0.41748	
-0.420013	
-0.41803	
-0.409424	
-0.408936	
-0.422729	
-0.420044	
-0.412872	
-0.42337	
-0.4216	
-0.410004	
-0.409271	
-0.421936	
-0.412018	
-0.418732	
-0.413971	
-0.419617	
-0.420685	
-0.415558	
-0.412384	
-0.414215	
-0.419983	
-0.423492	
-0.419861	
-0.416595	
-0.421356	
-0.412476	
-0.417938	
-0.413818	
-0.410858	
-0.41217	
-0.421661	
-0.411285	
-0.414673	
-0.414551	
-0.415649	
-0.418732	
-0.414307	
-0.401733	
-0.413239	
-0.419586	
-0.423218	
-0.412384	
-0.41275	
-0.412811	
-0.421356	
-0.412598	
-0.411011	
-0.412048	
-0.415405	
-0.416962	
-0.415558	
-0.416992	
-0.419037	
-0.412994	
-0.414734	
-0.403625	
-0.415863	
-0.417786	
-0.42099	
-0.412415	
-0.408997	
-0.409515	
-0.406097	
-0.410095	
-0.419525	
-0.419281	
-0.413574	
-0.412476	
-0.413605	
-0.409576	
-0.413879	
-0.411438	
-0.415863	
-0.41507	
-0.413879	
-0.408356	
-0.417236	
-0.419128	
-0.413116	
-0.417023	
-0.421783	
-0.414276	
-0.413147	
-0.42392	
-0.411469	
-0.401733	
-0.404999	
-0.42215	
-0.417847	
-0.41687	
-0.418793	
-0.420105	
-0.407623	
-0.418365	
-0.41333	
-0.416138	
-0.421387	
-0.421967	
-0.409607	
-0.407349	
-0.411743	
-0.423615	
-0.412537	
-0.417053	
-0.411285	
-0.421387	
-0.411713	
-0.417877	
-0.415588	
-0.415497	
-0.409546	
-0.407166	
-0.410797	
-0.415466	
-0.412781	
-0.41449	
-0.406921	
-0.418915	
-0.410828	
-0.410431	
-0.408875	
-0.411926	
-0.411438	
-0.410645	
-0.404816	
-0.417145	
-0.423065	
-0.415283	
-0.400482	
-0.410736	
-0.415466	
-0.418823	
-0.412231	
-0.413971	
-0.413849	
-0.417633	
-0.411346	
-0.406158	
-0.41806	
-0.425079	
-0.418457	
-0.416504	
-0.410492	
-0.412872	
-0.416901	
-0.410126	
-0.407837	
-0.408936	
-0.416962	
-0.417938	
-0.413849	
-0.407501	
-0.420227	
-0.412476	
-0.421478	
-0.410309	
-0.411499	
-0.417969	
-0.416687	
-0.405273	
-0.416199	
-0.415924	
-0.41394	
-0.409912	
-0.421478	
-0.410919	
-0.418457	
-0.411652	
-0.411041	
-0.410034	
-0.416199	
-0.408752	
-0.405609	
-0.41629	
-0.410492	
-0.410004	
-0.418427	
-0.405273	
-0.410004	
-0.412079	
-0.4133	
-0.399628	
-0.40744	
-0.416046	
-0.40567	
-0.399963	
-0.416504	
-0.413177	
-0.410583	
-0.404388	
-0.407288	
-0.407501	
-0.415192	
-0.411774	
-0.404663	
-0.406677	
-0.416046	
-0.417755	
-0.410004	
-0.41275	
-0.40976	
-0.412445	
-0.415436	
-0.412292	
-0.409515	
-0.420807	
-0.409851	
-0.408112	
-0.410492	
-0.407654	
-0.40451	
-0.412659	
-0.411133	
-0.429169	
-0.409454	
-0.419556	
-0.410675	
-0.411346	
-0.413635	
-0.411743	
-0.407928	
-0.419128	
-0.419189	
-0.415894	
-0.410065	
-0.416199	
-0.41391	
-0.424438	
-0.406342	
-0.415588	
-0.423584	
-0.410553	
-0.416565	
-0.413818	
-0.417725	
-0.41037	
-0.421295	
-0.412903	
-0.397949	
-0.418945	
-0.418671	
-0.405975	
-0.405945	
-0.412628	
-0.413116	
-0.411041	
-0.410339	
-0.410065	
-0.406433	
-0.41452	
-0.412384	
-0.413208	
-0.412476	
-0.413818	
-0.411407	
-0.413361	
-0.411469	
-0.411072	
-0.417542	
-0.412811	
-0.413025	
-0.412659	
-0.417114	
-0.411926	
-0.417236	
-0.418274	
-0.418823	
-0.406281	
-0.41391	
-0.418579	
-0.419861	
-0.407379	
-0.411133	
-0.416138	
-0.417175	
-0.406799	
-0.419739	
-0.414063	
-0.42099	
-0.427521	
-0.412415	
-0.40799	
-0.410767	
-0.415558	
-0.425049	
-0.420288	
-0.410889	
-0.411438	
-0.428558	
-0.42038	
-0.417328	
-0.413513	
-0.413391	
-0.424469	
-0.41217	
-0.418427	
-0.417908	
-0.417938	
-0.41571	
-0.404602	
-0.411896	
-0.408173	
-0.416901	
-0.41394	
-0.41391	
-0.413727	
-0.412567	
-0.411163	
-0.412994	
-0.412811	
-0.41391	
-0.408752	
-0.417908	
-0.415863	
-0.412354	
-0.409637	
-0.417175	
-0.416656	
-0.416138	
-0.411377	
-0.408936	
-0.411224	
-0.423157	
-0.418884	
-0.414032	
-0.414337	
-0.414764	
-0.421448	
-0.412476	
-0.416901	
-0.41449	
-0.416809	
-0.414093	
-0.415833	
-0.412964	
-0.41864	
-0.414642	
-0.422028	
-0.414551	
-0.420532	
-0.423767	
-0.417999	
-0.418152	
-0.411316	
-0.41748	
-0.420441	
-0.418396	
-0.405701	
-0.412262	
-0.430359	
-0.41214	
-0.418335	
-0.420105	
-0.410217	
-0.419861	
-0.41571	
-0.421448	
-0.42099	
-0.419861	
-0.416595	
-0.407135	
-0.41156	
-0.412842	
-0.420044	
-0.416656	
-0.412109	
-0.420074	
-0.413422	
-0.414154	
-0.415222	
-0.417999	
-0.415039	
-0.416321	
-0.418762	
-0.41864	
-0.421295	
-0.412079	
-0.410797	
-0.414246	
-0.419952	
-0.419617	
-0.416016	
-0.41452	
-0.422516	
-0.421326	
-0.421753	
-0.418152	
-0.417603	
-0.41864	
-0.416473	
-0.416718	
-0.422577	
-0.423615	
-0.418732	
-0.413605	
-0.41333	
-0.418915	
-0.418182	
-0.424713	
-0.417419	
-0.424835	
-0.423889	
-0.41803	
-0.418365	
-0.419891	
-0.426514	
-0.420532	
-0.416382	
-0.411835	
-0.413361	
-0.419312	
-0.416016	
-0.416534	
-0.421753	
-0.415161	
-0.414581	
-0.411804	
-0.426422	
-0.423584	
-0.416718	
-0.410919	
-0.411865	
-0.423737	
-0.423035	
-0.416351	
-0.414307	
-0.412109	
-0.412872	
-0.410034	
-0.421417	
-0.421631	
-0.422272	
-0.417664	
-0.414581	
-0.412659	
-0.417786	
-0.421204	
-0.412903	
-0.410461	
-0.410767	
-0.425934	
-0.432648	
-0.416718	
-0.417725	
-0.416718	
-0.418579	
-0.425049	
-0.424072	
-0.419403	
-0.426025	
-0.41864	
-0.411713	
-0.422913	
-0.422668	
-0.420044	
-0.415863	
-0.417816	
-0.424957	
-0.427185	
-0.430267	
-0.420715	
-0.417206	
-0.420746	
-0.422241	
-0.421478	
-0.420868	
-0.418976	
-0.420868	
-0.424377	
-0.416168	
-0.415009	
-0.42572	
-0.425079	
-0.422302	
-0.424744	
-0.414459	
-0.416687	
-0.412964	
-0.422943	
-0.420715	
-0.423859	
-0.411865	
-0.415405	
-0.420624	
-0.424438	
-0.421234	
-0.414764	
-0.41394	
-0.419891	
-0.412384	
-0.423187	
-0.427124	
-0.417786	
-0.414459	
-0.41861	
-0.417236	
-0.416138	
-0.422455	
-0.419006	
-0.424286	
-0.418274	
-0.418884	
-0.423401	
-0.416504	
-0.422791	
-0.420929	
-0.423065	
-0.423767	
-0.417175	
-0.423309	
-0.42804	
-0.415192	
-0.417999	
-0.428772	
-0.417969	
-0.413239	
-0.425812	
-0.419434	
-0.425171	
-0.42926	
-0.426514	
-0.418518	
-0.421783	
-0.424835	
-0.419098	
-0.424744	
-0.42218	
-0.425171	
-0.423157	
-0.424103	
-0.420013	
-0.42099	
-0.425323	
-0.424072	
-0.425232	
-0.422668	
-0.41748	
-0.418427	
-0.422211	
-0.425537	
-0.419434	
-0.423553	
-0.418945	
-0.416565	
-0.420837	
-0.422974	
-0.418549	
-0.422821	
-0.420593	
-0.420624	
-0.416748	
-0.420441	
-0.420135	
-0.419556	
-0.417236	
-0.424652	
-0.431183	
-0.415283	
-0.422424	
-0.415009	
-0.41983	
-0.412537	
-0.421661	
-0.425659	
-0.408417	
-0.410492	
-0.42099	
-0.421478	
-0.415985	
-0.415619	
-0.423492	
-0.423798	
-0.420532	
-0.421143	
-0.421265	
-0.414673	
-0.410858	
-0.420776	
-0.41922	
-0.431152	
-0.424164	
-0.416138	
-0.416931	
-0.424469	
-0.423553	
-0.424835	
-0.424011	
-0.414856	
-0.422394	
-0.418762	
-0.422455	
-0.419037	
-0.423615	
-0.424011	
-0.416199	
-0.422699	
-0.420624	
-0.418762	
-0.428589	
-0.415924	
-0.421844	
-0.410828	
-0.422028	
-0.418579	
-0.416443	
-0.426788	
-0.422668	
-0.418549	
-0.40686	
-0.419891	
-0.425934	
-0.419586	
-0.419952	
-0.412781	
-0.417694	
-0.423187	
-0.414063	
-0.423798	
-0.417633	
-0.425201	
-0.411987	
-0.417755	
-0.416168	
-0.417908	
-0.410248	
-0.405029	
-0.417114	
-0.420868	
-0.414154	
-0.421478	
-0.420929	
-0.423706	
-0.42395	
-0.416168	
-0.411591	
-0.420868	
-0.421082	
-0.413361	
-0.424225	
-0.415985	
-0.418518	
-0.420746	
-0.419708	
-0.419159	
-0.428192	
-0.422791	
-0.425323	
-0.4198	
-0.422119	
-0.422394	
-0.417877	
-0.41507	
-0.411896	
-0.420319	
-0.424255	
-0.421509	
-0.429565	
-0.426422	
-0.414124	
-0.419403	
-0.412476	
-0.417145	
-0.423584	
-0.425903	
-0.411438	
-0.412323	
-0.422424	
-0.419891	
-0.423584	
-0.412292	
-0.417786	
-0.422241	
-0.417847	
-0.417053	
-0.416016	
-0.41687	
-0.41687	
-0.416351	
-0.426331	
-0.418335	
-0.422424	
-0.405762	
-0.421783	
-0.413605	
-0.415588	
-0.426971	
-0.409027	
-0.411682	
-0.416962	
-0.419037	
-0.421326	
-0.425171	
-0.42865	
-0.421082	
-0.41626	
-0.411072	
-0.41391	
-0.419373	
-0.406555	
-0.416809	
-0.418274	
-0.416473	
-0.415131	
-0.417603	
-0.412354	
-0.409943	
-0.418732	
-0.417999	
-0.414703	
-0.423859	
-0.415344	
-0.410553	
-0.414032	
-0.40213	
-0.414459	
-0.420166	
-0.412109	
-0.417267	
-0.418762	
-0.413818	
-0.423523	
-0.412262	
-0.408752	
-0.412628	
-0.416107	
-0.408112	
-0.41803	
-0.418488	
-0.410645	
-0.423126	
-0.413483	
-0.414551	
-0.414429	
-0.412598	
-0.417755	
-0.419708	
-0.410828	
-0.411835	
-0.419098	
-0.427002	
-0.408325	
-0.417206	
-0.408966	
-0.419586	
-0.412842	
-0.420288	
-0.416016	
-0.405945	
-0.412903	
-0.416962	
-0.417053	
-0.42334	
-0.414246	
-0.418518	
-0.417816	
-0.416595	
-0.413483	
-0.417816	
-0.414459	
-0.406982	
-0.41687	
-0.412384	
-0.416382	
-0.422546	
-0.416229	
-0.411957	
-0.410217	
-0.423096	
-0.422485	
-0.417206	
-0.407532	
-0.411163	
-0.41507	
-0.414551	
-0.409851	
-0.420105	
-0.413757	
-0.415161	
-0.416351	
-0.412872	
-0.40918	
-0.412231	
-0.4086	
-0.411804	
-0.419159	
-0.414246	
-0.40274	
-0.407349	
-0.419159	
-0.4133	
-0.416901	
-0.406677	
-0.420776	
-0.424866	
-0.410583	
-0.405334	
-0.411438	
-0.417236	
-0.414398	
-0.420654	
-0.423035	
-0.408905	
-0.418732	
-0.407623	
-0.415833	
-0.40625	
-0.418213	
-0.425232	
-0.415527	
-0.408722	
-0.406982	
-0.410492	
-0.422699	
-0.416901	
-0.416626	
-0.412842	
-0.418549	
-0.411743	
-0.407379	
-0.411987	
-0.413757	
-0.425201	
-0.409912	
-0.414154	
-0.417999	
-0.417603	
-0.410187	
-0.406372	
-0.417908	
-0.412506	
-0.410797	
-0.410217	
-0.411041	
-0.415344	
-0.415741	
-0.406067	
-0.415131	
-0.410095	
-0.412201	
	
