E:\DOCUMENTS AND SETTINGS\JPOTAS\MEUS DOCUMENTOS\UFRJ\RSCI-BM 12 WK SERIES\070806-RSCI-BM-16\RSCI-BM-16-RSN\070806-RSCI-BM-16-RSN-0022.ACQ
0.025000 msec/sample
1 channel
Analog input
Volts
CH1	
2000	
-0.450256	
-0.427795	
-0.433777	
-0.416901	
-0.448395	
-0.438812	
-0.440491	
-0.4422	
-0.410004	
-0.452484	
-0.433533	
-0.427124	
-0.417969	
-0.442627	
-0.473114	
-0.430634	
-0.437744	
-0.437317	
-0.460297	
-0.43335	
-0.400177	
-0.447754	
-0.429382	
-0.451813	
-0.424377	
-0.441132	
-0.44986	
-0.422028	
-0.428558	
-0.427399	
-0.462158	
-0.438538	
-0.430206	
-0.430054	
-0.417542	
-0.468109	
-0.43277	
-0.435852	
-0.434174	
-0.44754	
-0.437225	
-0.414917	
-0.446228	
-0.443756	
-0.44165	
-0.427765	
-0.427277	
-0.431122	
-0.418152	
-0.447296	
-0.443054	
-0.449158	
-0.415588	
-0.416718	
-0.438446	
-0.425964	
-0.441223	
-0.440857	
-0.436981	
-0.433197	
-0.43927	
-0.428802	
-0.428101	
-0.454742	
-0.431946	
-0.42923	
-0.434296	
-0.426636	
-0.414185	
-0.417725	
-0.431152	
-0.431274	
-0.454407	
-0.431122	
-0.421356	
-0.416565	
-0.42453	
-0.434143	
-0.430084	
-0.444275	
-0.421722	
-0.432098	
-0.42807	
-0.422516	
-0.428955	
-0.420563	
-0.43811	
-0.424622	
-0.437622	
-0.431091	
-0.418579	
-0.415497	
-0.403931	
-0.451996	
-0.418671	
-0.425812	
-0.429504	
-0.431519	
-0.444702	
-0.421478	
-0.434753	
-0.424988	
-0.452454	
-0.4198	
-0.395538	
-0.442932	
-0.425232	
-0.444702	
-0.417175	
-0.433807	
-0.453766	
-0.418915	
-0.411011	
-0.416687	
-0.449158	
-0.410858	
-0.429779	
-0.43631	
-0.42511	
-0.455231	
-0.401917	
-0.418427	
-0.430756	
-0.432648	
-0.442993	
-0.431	
-0.445343	
-0.41748	
-0.439972	
-0.424805	
-0.426483	
-0.437592	
-0.406006	
-0.429535	
-0.41507	
-0.43515	
-0.420898	
-0.399658	
-0.428253	
-0.43277	
-0.454895	
-0.427734	
-0.421539	
-0.41449	
-0.436676	
-0.43573	
-0.40921	
-0.452789	
-0.43692	
-0.426575	
-0.425171	
-0.440094	
-0.441925	
-0.417358	
-0.416931	
-0.420898	
-0.441559	
-0.427826	
-0.428619	
-0.428955	
-0.443207	
-0.463593	
-0.427582	
-0.422485	
-0.42215	
-0.445465	
-0.427368	
-0.422424	
-0.440521	
-0.4328	
-0.442871	
-0.413483	
-0.430023	
-0.440552	
-0.434967	
-0.422394	
-0.400787	
-0.4375	
-0.417114	
-0.431641	
-0.430237	
-0.446838	
-0.447693	
-0.413391	
-0.433899	
-0.424438	
-0.448181	
-0.413422	
-0.409821	
-0.459839	
-0.423126	
-0.44754	
-0.412964	
-0.43515	
-0.446045	
-0.413391	
-0.416595	
-2.80441	
-3.2233	
-1.65845	
-1.17517	
-0.981537	
-0.880615	
3.0947	
1.85956	
0.410522	
-0.0411682	
-0.217163	
-0.266388	
-0.302429	
-0.382416	
-0.351044	
-0.363403	
-0.358124	
-0.371796	
-0.387115	
-0.378052	
-0.379974	
-0.367432	
-0.416595	
-0.392822	
-0.365723	
-0.383179	
-0.3992	
-0.41745	
-0.383179	
-0.398102	
-0.403625	
-0.4021	
-0.404175	
-0.384705	
-0.427155	
-0.392761	
-0.387268	
-0.394684	
-0.425842	
-0.42749	
-0.394287	
-0.392303	
-0.386108	
-0.4263	
-0.420013	
-0.409698	
-0.403687	
-0.410522	
-0.411774	
-0.402649	
-0.412231	
-0.413055	
-0.419769	
-0.394318	
-0.401337	
-0.435089	
-0.413452	
-0.420288	
-0.397888	
-0.420166	
-0.429596	
-0.40979	
-0.396301	
-0.41626	
-0.424042	
-0.385132	
-0.416077	
-0.401154	
-0.407928	
-0.43158	
-0.392517	
-0.407593	
-0.416962	
-0.428528	
-0.425659	
-0.422516	
-0.433563	
-0.418274	
-0.458984	
-0.414948	
-0.450745	
-0.447174	
-0.418274	
-0.429047	
-0.424957	
-0.444397	
-0.409302	
-0.43808	
-0.434052	
-0.427063	
-0.455109	
-0.416351	
-0.414886	
-0.414886	
-0.441437	
-0.417358	
-0.398132	
-0.457916	
-0.41684	
-0.44577	
-0.432404	
-0.437714	
-0.439331	
-0.427094	
-0.437775	
-0.421234	
-0.455444	
-0.419495	
-0.418121	
-0.432892	
-0.432465	
-0.472229	
-0.458496	
-0.450653	
-0.439148	
-0.438934	
-0.4151	
-0.40033	
-0.459564	
-0.420471	
-0.427551	
-0.430603	
-0.42926	
-0.434357	
-0.423035	
-0.419342	
-0.427582	
-0.45047	
-0.444061	
-0.444031	
-0.438293	
-0.445343	
-0.450989	
-0.426636	
-0.44278	
-0.449829	
-0.45517	
-0.443329	
-0.41748	
-0.439941	
-0.434052	
-0.439087	
-0.431946	
-0.446838	
-0.434052	
-0.42981	
-0.412323	
-0.411438	
-0.430695	
-0.415253	
-0.438599	
-0.427795	
-0.428711	
-0.45108	
-0.43866	
-0.432526	
-0.417572	
-0.436005	
-0.431305	
-0.436859	
-0.473236	
-0.442017	
-0.449646	
-0.411804	
-0.436768	
-0.442993	
-0.439636	
-0.418457	
-0.421112	
-0.449677	
-0.410797	
-0.438934	
-0.437592	
-0.427094	
-0.449188	
-0.412354	
-0.421356	
-0.416016	
-0.438843	
-0.441925	
-0.431152	
-0.463257	
-0.423523	
-0.444397	
-0.417358	
-0.459595	
-0.453552	
-0.414276	
-0.41507	
-0.41806	
-0.451019	
-0.4216	
-0.431641	
-0.437195	
-0.435059	
-0.453888	
-0.415009	
-0.433197	
-0.455597	
-0.466736	
-0.442871	
-0.41214	
-0.473114	
-0.443695	
-0.43338	
-0.425568	
-0.457214	
-0.447601	
-0.429596	
-0.436951	
-0.427063	
-0.443329	
-0.430359	
-0.43573	
-0.44812	
-0.45639	
-0.463501	
-0.437592	
-0.436371	
-0.444672	
-0.444061	
-0.440552	
-0.439148	
-0.468079	
-0.43811	
-0.430603	
-0.425476	
-0.443542	
-0.432953	
-0.439667	
-0.443848	
-0.451355	
-0.467133	
-0.430817	
-0.433258	
-0.435699	
-0.441956	
-0.448914	
-0.443085	
-0.431274	
-0.425598	
-0.446777	
-0.433014	
-0.438293	
-0.467712	
-0.445526	
-0.46048	
-0.428009	
-0.442047	
-0.44162	
-0.443909	
-0.429932	
-0.445953	
-0.470978	
-0.418152	
-0.438171	
-0.417419	
-0.433105	
-0.465302	
-0.419098	
-0.431305	
-0.447998	
-0.454315	
-0.436371	
-0.446777	
-0.46759	
-0.426392	
-0.456787	
-0.420074	
-0.461304	
-0.459778	
-0.435516	
-0.439697	
-0.424469	
-0.438629	
-0.427856	
-0.448273	
-0.446686	
-0.434601	
-0.443634	
-0.413513	
-0.452881	
-0.443634	
-0.441284	
-0.438721	
-0.422852	
-0.467499	
-0.431549	
-0.441956	
-0.418732	
-0.442749	
-0.463562	
-0.424011	
-0.410828	
-0.425873	
-0.452209	
-0.437073	
-0.451721	
-0.449921	
-0.418152	
-0.456421	
-0.434753	
-0.437347	
-0.44986	
-0.446136	
-0.426025	
-0.425476	
-0.45636	
-0.430908	
-0.448456	
-0.449768	
-0.45105	
-0.442627	
-0.435272	
-0.440369	
-0.441193	
-0.455566	
-0.440704	
-0.446594	
-0.42807	
-0.430389	
-0.452881	
-0.442322	
-0.435181	
-0.4328	
-0.443604	
-0.427124	
-0.440735	
-0.460419	
-0.434937	
-0.451202	
-0.44165	
-0.458954	
-0.437775	
-0.441406	
-0.433502	
-0.44928	
-0.473694	
-0.438263	
-0.453827	
-0.441711	
-0.445709	
-0.472229	
-0.445007	
-0.439758	
-0.441711	
-0.470245	
-0.437225	
-0.426056	
-0.453156	
-0.426147	
-0.461487	
-0.448822	
-0.470734	
-0.444092	
-0.437958	
-0.448517	
-0.427032	
-0.4664	
-0.430328	
-0.457825	
-0.456329	
-0.444061	
-0.459656	
-0.432678	
-0.445892	
-0.443817	
-0.465485	
-0.446014	
-0.41629	
-0.451721	
-0.438416	
-0.462921	
-0.439575	
-0.445831	
-0.448914	
-0.435516	
-0.445801	
-0.441895	
-0.462799	
-0.421265	
-0.439484	
-0.463257	
-0.436035	
-0.461853	
-0.448303	
-0.43219	
-0.446167	
-0.452087	
-0.440186	
-0.43924	
-0.459442	
-0.421997	
-0.451752	
-0.438721	
-0.453217	
-0.468262	
-0.436737	
-0.43573	
-0.448944	
-0.450409	
-0.427917	
-0.443878	
-0.436401	
-0.440155	
-0.453522	
-0.431458	
-0.423798	
-0.443329	
-0.43103	
-0.414825	
-0.443146	
-0.462372	
-0.434174	
-0.450043	
-0.437073	
-0.448242	
-0.44046	
-0.427185	
-0.422729	
-0.452881	
-0.466187	
-0.428986	
-0.449738	
-0.425903	
-0.443359	
-0.445984	
-0.423309	
-0.438782	
-0.439331	
-0.449982	
-0.426697	
-0.425842	
-0.455414	
-0.436646	
-0.446228	
-0.431824	
-0.470947	
-0.446716	
-0.453217	
-0.458405	
-0.418701	
-0.442108	
-0.422943	
-0.450592	
-0.45459	
-0.450623	
-0.444946	
-0.419128	
-0.432922	
-0.426331	
-0.450378	
-0.439392	
-0.424377	
-0.45636	
-0.421356	
-0.442657	
-0.430603	
-0.445923	
-0.44809	
-0.440948	
-0.44516	
-0.439117	
-0.453705	
-0.416626	
-0.447784	
-0.442688	
-0.428467	
-0.439148	
-0.431366	
-0.451111	
-0.430756	
-0.423431	
-0.448608	
-0.436066	
-0.461151	
-0.434296	
-0.451965	
-0.430267	
-0.451172	
-0.448578	
-0.433014	
-0.458771	
-0.466858	
-0.450562	
-0.40744	
-0.438263	
-0.458557	
-0.454681	
-0.441498	
-0.422577	
-0.423798	
-0.462494	
-0.443268	
-0.421143	
-0.430542	
-0.444458	
-0.430908	
-0.461609	
-0.450073	
-0.440552	
-0.43161	
-0.432251	
-0.431305	
-0.45636	
-0.46524	
-0.42276	
-0.44754	
-0.432281	
-0.43454	
-0.447388	
-0.441498	
-0.440643	
-0.44043	
-0.436401	
-0.427856	
-0.442993	
-0.432953	
-0.423401	
-0.460938	
-0.43399	
-0.434631	
-0.415619	
-0.440674	
-0.467438	
-0.441467	
-0.446655	
-0.419434	
-0.441986	
-0.429871	
-0.445221	
-0.446411	
-0.421204	
-0.429626	
-0.418243	
-0.44632	
-0.433105	
-0.422485	
-0.443085	
-0.419342	
-0.449402	
-0.426178	
-0.439484	
-0.432129	
-0.423431	
-0.448914	
-0.433655	
-0.437622	
-0.416565	
-0.461487	
-0.44342	
-0.417633	
-0.435608	
-0.420013	
-0.429749	
-0.430023	
-0.429321	
-0.427063	
-0.422668	
-0.438965	
-0.414612	
-0.446411	
-0.431458	
-0.438751	
-0.450378	
-0.425323	
-0.436188	
-0.422852	
-0.433228	
-0.419464	
-0.453888	
-0.460327	
-0.443848	
-0.425995	
-0.419647	
-0.42453	
-0.431152	
-0.436829	
-0.439545	
-0.437866	
-0.440247	
-0.4151	
-0.433838	
-0.446411	
-0.428406	
-0.434692	
-0.452148	
-0.434387	
-0.435242	
-0.43811	
-0.410797	
-0.454803	
-0.441833	
-0.426453	
-0.437744	
-0.438721	
-0.425262	
-0.441803	
-0.436035	
-0.399475	
-0.435211	
-0.441162	
-0.422119	
-0.452545	
-0.437744	
-0.436035	
-0.412048	
-0.415436	
-0.445496	
-0.453796	
-0.455231	
-0.416321	
-0.449524	
-0.424835	
-0.44223	
-0.432404	
-0.406952	
-0.444275	
-0.438995	
-0.43399	
-0.426727	
-0.439545	
-0.444946	
-0.424194	
-0.452698	
-0.420135	
-0.434631	
-0.433838	
-0.431732	
-0.460236	
-0.447723	
-0.449371	
-0.408722	
-0.456024	
-0.447998	
-0.439728	
-0.447754	
-0.425018	
-0.44278	
-0.436646	
-0.428345	
-0.412048	
-0.418274	
-0.457611	
-0.437195	
-0.439362	
-0.421631	
-0.438843	
-0.442108	
-0.410248	
-0.453369	
-0.44278	
-0.438721	
-0.403656	
-0.443054	
-0.461212	
-0.438782	
-0.437042	
-0.42691	
-0.436859	
-0.440125	
-0.430756	
-0.414825	
-0.427765	
-0.449005	
-0.411987	
-0.424408	
-0.426483	
-0.429688	
-0.441498	
-0.435364	
-0.432983	
-0.43454	
-0.427399	
-0.416565	
-0.449127	
-0.434998	
-0.419983	
-0.426941	
-0.439301	
-0.433441	
-0.425049	
-0.420868	
-0.402039	
-0.435059	
-0.44632	
-0.41803	
-0.432678	
-0.43042	
-0.444733	
-0.419647	
-0.418365	
-0.430603	
-0.438934	
-0.440857	
-0.407288	
-0.441254	
-0.431702	
-0.438354	
-0.433258	
-0.428436	
-0.435944	
-0.422272	
-0.419373	
-0.41333	
-0.44043	
-0.438904	
-0.413849	
-0.438629	
-0.413055	
-0.436096	
-0.430786	
-0.437195	
-0.433563	
-0.417999	
-0.440735	
-0.416229	
-0.461578	
-0.438324	
-0.416687	
-0.435333	
-0.425201	
-0.438202	
-0.42746	
-0.430298	
-0.411835	
-0.438202	
-0.452332	
-0.411713	
-0.458649	
-0.43512	
-0.423981	
-0.435211	
-0.428253	
-0.42981	
-0.433655	
-0.445465	
-0.412872	
-0.453735	
-0.457214	
-0.440277	
-0.45343	
-0.419464	
-0.425629	
-0.440247	
-0.435852	
-0.428528	
-0.440552	
-0.450043	
-0.424133	
-0.441193	
-0.424561	
-0.428619	
-0.448212	
-0.43988	
-0.440277	
-0.438629	
-0.429962	
-0.416656	
-0.448334	
-0.446106	
-0.431915	
-0.424896	
-0.431335	
-0.435699	
-0.43866	
-0.434174	
-0.41922	
-0.435211	
-0.434174	
-0.423828	
-0.435638	
-0.438477	
-0.450104	
-0.42453	
-0.425537	
-0.425568	
-0.43045	
-0.441193	
-0.43988	
-0.457764	
-0.432251	
-0.436493	
-0.423523	
-0.432709	
-0.449432	
-0.444092	
-0.43985	
-0.415955	
-0.44696	
-0.442017	
-0.413971	
-0.447754	
-0.433044	
-0.451324	
-0.440002	
-0.431915	
-0.441223	
-0.453949	
-0.440186	
-0.426117	
-0.460632	
-0.442261	
-0.450592	
-0.433289	
-0.397919	
-0.441772	
-0.449249	
-0.435974	
-0.425201	
-0.448639	
-0.445465	
-0.405487	
-0.446686	
-0.420197	
-0.440247	
-0.45047	
-0.44165	
-0.418152	
-0.417511	
-0.443573	
-0.444611	
-0.453583	
-0.425018	
-0.422974	
-0.456848	
-0.442749	
-0.435791	
-0.428925	
-0.424194	
-0.420013	
-0.441376	
-0.458954	
-0.411896	
-0.437531	
-0.431061	
-0.431152	
-0.440582	
-0.450836	
-0.440033	
-0.436493	
-0.41983	
-0.428253	
-0.449402	
-0.437653	
-0.442444	
-0.448517	
-0.426971	
-0.430267	
-0.454742	
-0.432129	
-0.424469	
-0.459625	
-0.454468	
-0.404907	
-0.429779	
-0.436584	
-0.449127	
-0.433716	
-0.434814	
-0.431335	
-0.455109	
-0.433472	
-0.427155	
-0.457977	
-0.447937	
-0.451355	
-0.432037	
-0.428741	
-0.459534	
-0.453613	
-0.433105	
-0.424255	
-0.455292	
-0.445862	
-0.418945	
-0.465668	
-0.440765	
-0.445831	
-0.42514	
-0.439209	
-0.445374	
-0.456421	
-0.443787	
-0.431824	
-0.470947	
-0.436127	
-0.441345	
-0.447571	
-0.438232	
-0.454681	
-0.43808	
-0.43634	
-0.438049	
-0.46286	
-0.44751	
-0.416382	
-0.468231	
-0.433014	
-0.454285	
-0.431061	
-0.418243	
-0.448395	
-0.456726	
-0.455536	
-0.432556	
-0.448029	
-0.433044	
-0.444519	
-0.452332	
-0.429504	
-0.444855	
-0.445099	
-0.437164	
-0.429688	
-0.446075	
-0.463226	
-0.41745	
-0.452789	
-0.451111	
-0.447296	
-0.434052	
-0.441833	
-0.453735	
-0.44046	
-0.433044	
-0.425781	
-0.44809	
-0.445801	
-0.437073	
-0.45462	
-0.445526	
-0.420593	
-0.442261	
-0.447723	
-0.44397	
-0.465363	
-0.462463	
-0.417725	
-0.442352	
-0.43335	
-0.442963	
-0.44574	
-0.440491	
-0.437073	
-0.458679	
-0.443268	
-0.441223	
-0.456696	
-0.418915	
-0.446808	
-0.457184	
-0.431702	
-0.419647	
-0.436188	
-0.4375	
-0.438477	
-0.473816	
-0.440674	
-0.396606	
-0.450562	
-0.444153	
-0.452118	
-0.422241	
-0.439117	
-0.43161	
-0.444061	
-0.451385	
-0.430054	
-0.460541	
-0.43042	
-0.446075	
-0.449402	
-0.43515	
-0.437622	
-0.437408	
-0.446899	
-0.426025	
-0.443939	
-0.448364	
-0.432953	
-0.459869	
-0.41156	
-0.448547	
-0.442108	
-0.444641	
-0.436127	
-0.433746	
-0.451019	
-0.436157	
-0.456207	
-0.427826	
-0.443359	
-0.461243	
-0.437134	
-0.443451	
-0.427429	
-0.445282	
-0.443146	
-0.453766	
-0.454651	
-0.423798	
-0.4729	
-0.452698	
-0.448212	
-0.430878	
-0.432556	
-0.444366	
-0.44693	
-0.462982	
-0.444611	
-0.451508	
-0.441559	
-0.4487	
-0.463501	
-0.440033	
-0.43512	
-0.440216	
-0.446533	
-0.45108	
-0.451019	
-0.449799	
-0.437866	
-0.460724	
-0.446655	
-0.444183	
-0.443024	
-0.442627	
-0.446136	
-0.44812	
-0.438324	
-0.4422	
-0.460815	
-0.435608	
-0.45575	
-0.446991	
-0.429169	
-0.42511	
-0.456451	
-0.463226	
-0.448059	
-0.455933	
-0.448486	
-0.433258	
-0.451874	
-0.445221	
-0.447662	
-0.428833	
-0.452271	
-0.438843	
-0.445587	
-0.440277	
-0.427917	
-0.45517	
-0.427643	
-0.45224	
-0.453186	
-0.436646	
-0.44104	
-0.441589	
-0.442169	
-0.431335	
-0.466431	
-0.448029	
-0.41452	
-0.456909	
-0.440552	
-0.455078	
-0.420288	
-0.435699	
-0.438019	
-0.444763	
-0.451843	
-0.422455	
-0.442322	
-0.420166	
-0.441803	
-0.44577	
-0.429199	
-0.427856	
-0.430542	
-0.466278	
-0.438538	
-0.432129	
-0.437714	
-0.411804	
-0.466522	
-0.449951	
-0.436218	
-0.431335	
-0.439392	
-0.445282	
-0.445618	
-0.44339	
-0.42865	
-0.453583	
-0.433105	
-0.449249	
-0.452271	
-0.415558	
-0.441772	
-0.432373	
-0.418396	
-0.442413	
-0.455139	
-0.446533	
-0.435333	
-0.453217	
-0.428741	
-0.443298	
-0.438507	
-0.439087	
-0.453308	
-0.450439	
-0.437592	
-0.439606	
-0.425873	
-0.407593	
-0.447021	
-0.446228	
-0.426971	
-0.429199	
-0.434509	
-0.448151	
-0.437714	
-0.446228	
-0.44455	
-0.426331	
-0.439728	
-0.440247	
-0.44104	
-0.437225	
-0.454132	
-0.425568	
-0.444122	
-0.432281	
-0.429108	
-0.429047	
-0.405182	
-0.451508	
-0.45282	
-0.421173	
-0.437897	
-0.456238	
-0.450378	
-0.427673	
-0.448639	
-0.430023	
-0.426239	
-0.477539	
-0.436157	
-0.4263	
-0.417023	
-0.449402	
-0.451843	
-0.457458	
-0.430786	
-0.408844	
-0.456177	
-0.429352	
-0.43576	
-0.432281	
-0.425415	
-0.444641	
-0.448303	
-0.448914	
-0.423309	
-0.442261	
-0.451569	
-0.419281	
-0.459961	
-0.441162	
-0.452209	
-0.437317	
-0.434326	
-0.438416	
-0.447052	
-0.449249	
-0.425171	
-0.444794	
-0.41626	
-0.437195	
-0.448792	
-0.424133	
-0.428223	
-0.441742	
-0.451019	
-0.442108	
-0.414764	
-0.419861	
-0.440491	
-0.47644	
-0.429932	
-0.42749	
-0.444336	
-0.445374	
-0.436646	
-0.429596	
-0.425415	
-0.415833	
-0.422394	
-0.420685	
-0.443695	
-0.445404	
-0.421997	
-0.413422	
-0.433289	
-0.447083	
-0.440826	
-0.430969	
-0.424469	
-0.429962	
-0.448456	
-0.42981	
-0.411835	
-0.435516	
-0.454651	
-0.433075	
-0.428802	
-0.414581	
-0.415649	
-0.428162	
-0.412292	
-0.44574	
-0.427094	
-0.424957	
-0.431854	
-0.427002	
-0.418732	
-0.416382	
-0.450562	
-0.435394	
-0.42514	
-0.446411	
-0.417145	
-0.428375	
-0.430054	
-0.440277	
-0.429169	
-0.438721	
-0.436676	
-0.413666	
-0.425751	
-0.405792	
-0.45639	
-0.431305	
-0.414703	
-0.441681	
-0.420715	
-0.440948	
-0.430389	
-0.420532	
-0.431152	
-0.43338	
-0.45224	
-0.428131	
-0.438507	
-0.417297	
-0.433197	
-0.439362	
-0.429688	
-0.443573	
-0.417969	
-0.439117	
-0.423676	
-0.418579	
-0.41214	
-0.414978	
-0.439789	
-0.434967	
-0.449036	
-0.430115	
-0.417267	
-0.42691	
-0.420258	
-0.446411	
-0.422363	
-0.438446	
-0.444733	
-0.423218	
-0.429749	
-0.442017	
-0.422302	
-0.410858	
-0.446594	
-0.418518	
-0.42749	
-0.441803	
-0.41629	
-0.430573	
-0.453308	
-0.429932	
-0.428314	
-0.432861	
-0.431763	
-0.444366	
-0.460266	
-0.431152	
-0.43161	
-0.429871	
-0.427948	
-0.43158	
-0.444336	
-0.430389	
-0.424866	
-0.4328	
-0.411621	
-0.434692	
-0.429932	
-0.419098	
-0.432617	
-0.439362	
-0.430206	
-0.432251	
-0.432617	
-0.407898	
-0.433533	
-0.4711	
-0.437225	
-0.421173	
-0.404236	
-0.45108	
-0.441528	
-0.429871	
-0.426819	
-0.419525	
-0.436462	
-0.421051	
-0.434418	
-0.423523	
-0.424103	
-0.430573	
-0.420715	
-0.435516	
-0.41452	
-0.42984	
-0.4245	
-0.42157	
-0.448425	
-0.403076	
-0.426941	
-0.427917	
-0.445618	
-0.428528	
-0.416779	
-0.423798	
-0.414307	
-0.440216	
-0.407684	
-0.41864	
-0.435913	
-0.421173	
-0.425354	
-0.414001	
-0.423798	
-0.433136	
-0.421204	
-0.410095	
-0.416901	
-0.463837	
-0.42749	
-0.428101	
-0.412659	
-0.415558	
-0.436554	
-0.439575	
-0.43927	
-0.418396	
-0.430023	
-0.403809	
-0.411346	
-0.436707	
-0.424469	
-0.427765	
-0.427246	
-0.423096	
-0.425903	
-0.417297	
-0.423889	
-0.441681	
-0.459991	
-0.423859	
-0.416962	
-0.424011	
-0.433167	
-0.421997	
-0.429749	
-0.440765	
-0.417694	
-0.422272	
-0.424561	
-0.436279	
-0.421783	
-0.43219	
-0.42746	
-0.429413	
-0.442383	
-0.435516	
-0.420105	
-0.418915	
-0.441528	
-0.442688	
-0.420715	
-0.439484	
-0.427795	
-0.441742	
-0.428619	
-0.448151	
-0.448761	
-0.421387	
-0.432831	
-0.419128	
-0.439362	
-0.424896	
-0.447662	
-0.444519	
-0.42041	
-0.438507	
-0.421356	
-0.423615	
-0.427887	
-0.441223	
-0.454041	
-0.426453	
-0.440796	
-0.417389	
-0.441681	
-0.431641	
-0.428528	
-0.441315	
-0.427246	
-0.44873	
-0.416779	
-0.441132	
-0.437927	
-0.403229	
-0.436584	
-0.440765	
-0.440308	
-0.430695	
-0.429108	
-0.416626	
-0.42807	
-0.460602	
-0.421692	
-0.445557	
-0.42807	
-0.425873	
-0.446198	
-0.437469	
-0.4328	
-0.434845	
-0.445221	
-0.419708	
-0.43222	
-0.446045	
-0.418335	
-0.434479	
-0.436279	
-0.445099	
-0.438934	
-0.418823	
-0.421997	
-0.434875	
-0.465698	
-0.432098	
-0.421143	
-0.431976	
-0.442963	
-0.443207	
-0.43338	
-0.422211	
-0.431519	
-0.447784	
-0.429901	
-0.435669	
-0.447815	
-0.429871	
-0.421448	
-0.441254	
-0.434021	
-0.434052	
-0.43927	
-0.423248	
-0.432312	
-0.436981	
-0.417511	
-0.440796	
-0.441803	
-0.442932	
-0.412872	
-0.43985	
-0.440186	
-0.424805	
-0.432404	
-0.428192	
-0.448273	
-0.428711	
-0.430054	
-0.434113	
-0.432159	
-0.448334	
-0.423553	
-0.434875	
-0.427124	
-0.443237	
-0.462616	
-0.415527	
-0.436279	
-0.426819	
-0.452148	
-0.429596	
-0.44278	
-0.434296	
-0.410248	
-0.448212	
-0.435089	
-0.448608	
-0.437531	
-0.434113	
-0.455139	
-0.429077	
-0.429718	
-0.438782	
-0.447723	
-0.420746	
-0.431091	
-0.468872	
-0.415771	
-0.438599	
-0.427399	
-0.442688	
-0.451385	
-0.441742	
-0.442657	
-0.438965	
-0.453461	
-0.436859	
-0.437042	
-0.438324	
-0.438141	
-0.451721	
-0.441193	
-0.442841	
-0.443817	
-0.439453	
-0.429169	
-0.434235	
-0.474731	
-0.441406	
-0.443115	
-0.431396	
-0.439117	
-0.442078	
-0.443451	
-0.448456	
-0.453613	
-0.460663	
-0.436951	
-0.444122	
-0.443573	
-0.426056	
-0.430542	
-0.470551	
-0.455719	
-0.437134	
-0.440613	
-0.419678	
-0.42746	
-0.467438	
-0.443726	
-0.442047	
-0.438293	
-0.446808	
-0.434814	
-0.438141	
-0.430542	
-0.44873	
-0.455017	
-0.434357	
-0.456512	
-0.430206	
-0.433228	
-0.440857	
-0.44519	
-0.448242	
-0.44104	
-0.435852	
-0.420654	
-0.457153	
-0.464905	
-0.424774	
-0.441315	
-0.430115	
-0.46579	
-0.442139	
-0.43808	
-0.450775	
-0.432495	
-0.440887	
-0.443481	
-0.464355	
-0.43277	
-0.449097	
-0.455933	
-0.434113	
-0.448761	
-0.431885	
-0.437653	
-0.434113	
-0.444824	
-0.483398	
-0.431885	
-0.442322	
-0.440887	
-0.44577	
-0.431549	
-0.452148	
-0.452911	
-0.414276	
-0.450806	
-0.436188	
-0.446564	
-0.444183	
-0.426819	
-0.444977	
-0.441315	
-0.446838	
-0.433563	
-0.433258	
-0.437897	
-0.447754	
-0.468109	
-0.414642	
-0.423859	
-0.435913	
-0.441711	
-0.450897	
-0.433258	
-0.436005	
-0.441986	
-0.460236	
-0.442413	
-0.452576	
-0.440338	
-0.42926	
-0.438324	
-0.451569	
-0.427094	
-0.436981	
-0.446625	
-0.448669	
-0.441101	
-0.453583	
-0.433319	
-0.437439	
-0.44101	
-0.447998	
-0.444061	
-0.43927	
-0.441406	
-0.457214	
-0.441315	
-0.436615	
-0.46344	
-0.446777	
-0.446655	
-0.437134	
-0.452148	
-0.449829	
-0.436981	
-0.452881	
-0.434113	
-0.454224	
-0.469604	
-0.465027	
-0.460724	
-0.424683	
-0.442261	
-0.445618	
-0.454773	
-0.443665	
-0.435944	
-0.463043	
-0.446289	
-0.478088	
-0.438538	
-0.436279	
-0.452759	
-0.455841	
-0.455017	
-0.441681	
-0.447876	
-0.43103	
-0.448364	
-0.46637	
-0.419556	
-0.443085	
-0.446808	
-0.45813	
-0.44696	
-0.458649	
-0.445007	
-0.416687	
-0.46347	
-0.452728	
-0.461884	
-0.438904	
-0.435883	
-0.450989	
-0.443451	
-0.455017	
-0.455811	
-0.441315	
-0.434998	
-0.441254	
-0.45697	
-0.420685	
-0.44812	
-0.446075	
-0.436859	
-0.446442	
-0.444244	
-0.438812	
-0.429443	
-0.457245	
-0.443634	
-0.448364	
-0.44693	
-0.443207	
-0.446228	
-0.445435	
-0.44101	
-0.443359	
-0.430908	
-0.436981	
-0.443756	
-0.46228	
-0.43454	
-0.421997	
-0.42923	
-0.445221	
-0.441986	
-0.427338	
-0.4198	
-0.427429	
-0.44928	
-0.456726	
-0.46225	
-0.421173	
-0.428528	
-0.435883	
-0.438416	
-0.452332	
-0.445892	
-0.432556	
-0.440094	
-0.457947	
-0.44989	
-0.424072	
-0.425629	
-0.432434	
-0.45639	
-0.437225	
-0.44635	
-0.42276	
-0.439423	
-0.463348	
-0.421143	
-0.44281	
-0.445923	
-0.441345	
-0.436493	
-0.454437	
-0.44754	
-0.426514	
-0.444031	
-0.428558	
-0.447144	
-0.462158	
-0.4263	
-0.453979	
-0.434723	
-0.43985	
-0.437744	
-0.43576	
-0.417419	
-0.431152	
-0.458771	
-0.424377	
-0.441681	
-0.424316	
-0.429688	
-0.45105	
-0.425751	
-0.440521	
-0.441254	
-0.440704	
-0.440887	
-0.442627	
-0.444641	
-0.411865	
-0.438477	
	
