E:\DOCUMENTS AND SETTINGS\JPOTAS\MEUS DOCUMENTOS\UFRJ\RSCI-BM 12 WK SERIES\070803-RSCI-BM-11\RSCI-BM-11-RSN\070803-RSCI-BM-11-RSN-0023.ACQ
0.025000 msec/sample
1 channel
Analog input
Volts
CH1	
2000	
-0.426025	
-0.430145	
-0.438416	
-0.435577	
-0.428589	
-0.436646	
-0.431915	
-0.414581	
-0.421295	
-0.440552	
-0.431519	
-0.431427	
-0.429657	
-0.423187	
-0.422424	
-0.423309	
-0.430634	
-0.42215	
-0.425903	
-0.423859	
-0.432159	
-0.427856	
-0.434357	
-0.425537	
-0.423523	
-0.427521	
-0.422363	
-0.417938	
-0.435791	
-0.430115	
-0.426208	
-0.418213	
-0.423431	
-0.418671	
-0.420227	
-0.410919	
-0.433899	
-0.43399	
-0.420563	
-0.425415	
-0.419495	
-0.408325	
-0.422028	
-0.437286	
-0.429749	
-0.412109	
-0.421814	
-0.431519	
-0.430786	
-0.422607	
-0.426697	
-0.419708	
-0.412964	
-0.427429	
-0.427002	
-0.424744	
-0.428986	
-0.432434	
-0.424774	
-0.422272	
-0.435425	
-0.421295	
-0.415131	
-0.432953	
-0.435486	
-0.436493	
-0.422638	
-0.432831	
-0.427765	
-0.43573	
-0.426025	
-0.433289	
-0.427155	
-0.423523	
-0.424866	
-0.436462	
-0.444183	
-0.429565	
-0.415039	
-0.440338	
-0.432434	
-0.429138	
-0.429962	
-0.437897	
-0.427338	
-0.418457	
-0.430969	
-0.437195	
-0.430511	
-0.415955	
-0.436523	
-0.44339	
-0.434296	
-0.424683	
-0.424408	
-0.420288	
-0.431671	
-0.440399	
-0.44043	
-0.429108	
-0.421906	
-0.422516	
-0.442139	
-0.424377	
-0.417542	
-0.42038	
-0.432892	
-0.422913	
-0.425598	
-0.431763	
-0.432831	
-0.431671	
-0.426727	
-0.42038	
-0.43399	
-0.427704	
-0.43399	
-0.42926	
-0.420349	
-0.432159	
-0.436737	
-0.430298	
-0.42215	
-0.421844	
-0.424805	
-0.422424	
-0.42218	
-0.436218	
-0.44281	
-0.433685	
-0.412994	
-0.413391	
-0.423431	
-0.429474	
-0.433746	
-0.447357	
-0.425507	
-0.427032	
-0.424622	
-0.421814	
-0.420105	
-0.429718	
-0.433441	
-0.429535	
-0.432556	
-0.430542	
-0.418182	
-0.419891	
-0.429352	
-0.437164	
-0.420502	
-0.43042	
-0.441986	
-0.428589	
-0.407623	
-0.419861	
-0.433075	
-0.430511	
-0.435638	
-0.425354	
-0.430542	
-0.428223	
-0.41214	
-0.419464	
-0.422577	
-0.437378	
-0.428436	
-0.42038	
-0.424652	
-0.428162	
-0.435394	
-0.423035	
-0.432343	
-0.421539	
-0.424438	
-0.42157	
-0.433228	
-0.439117	
-0.433228	
-0.41452	
-0.417847	
-0.420624	
-0.430939	
-0.431	
-0.429871	
-0.420685	
-0.436768	
-0.416718	
-0.427643	
-0.430145	
-0.419464	
-0.423767	
-0.42688	
-0.438324	
-0.432434	
-0.425781	
-0.417725	
-2.68738	
-1.98041	
-1.05936	
-0.770264	
-0.694092	
-0.681641	
2.39185	
0.873657	
0.0451965	
-0.189087	
-0.294678	
-0.343781	
-0.378937	
-0.382019	
-0.394196	
-0.391632	
-0.396698	
-0.404358	
-0.413757	
-0.419281	
-0.417633	
-0.411224	
-0.423248	
-0.411804	
-0.401917	
-0.41394	
-0.418732	
-0.410461	
-0.413696	
-0.426422	
-0.40741	
-0.407928	
-0.408722	
-0.418518	
-0.413513	
-0.408997	
-0.411743	
-0.427063	
-0.418213	
-0.407928	
-0.406891	
-0.407776	
-0.411591	
-0.416351	
-0.40918	
-0.42334	
-0.415405	
-0.405243	
-0.408813	
-0.424225	
-0.416321	
-0.410156	
-0.412048	
-0.407501	
-0.420258	
-0.43045	
-0.420288	
-0.420868	
-0.412872	
-0.413483	
-0.408173	
-0.426422	
-0.420746	
-0.413666	
-0.419281	
-0.419647	
-0.421539	
-0.416534	
-0.420197	
-0.407715	
-0.41687	
-0.429535	
-0.416504	
-0.419281	
-0.422729	
-0.42215	
-0.397919	
-0.395386	
-0.418854	
-0.415344	
-0.427551	
-0.426514	
-0.434021	
-0.428528	
-0.420746	
-0.413635	
-0.423676	
-0.431915	
-0.436127	
-0.425446	
-0.412445	
-0.416412	
-0.439789	
-0.418549	
-0.417725	
-0.417755	
-0.414795	
-0.409332	
-0.419708	
-0.421875	
-0.423401	
-0.434906	
-0.425934	
-0.423706	
-0.417145	
-0.401306	
-0.415497	
-0.42453	
-0.421387	
-0.425903	
-0.419159	
-0.423187	
-0.430298	
-0.450012	
-0.439148	
-0.451874	
-0.431946	
-0.416199	
-0.422089	
-0.421387	
-0.40387	
-0.41745	
-0.42392	
-0.418915	
-0.430756	
-0.427124	
-0.403656	
-0.411621	
-0.400909	
-0.404419	
-0.412292	
-0.416901	
-0.415955	
-0.430023	
-0.436737	
-0.422943	
-0.436493	
-0.429413	
-0.4263	
-0.438263	
-0.428528	
-0.41922	
-0.428558	
-0.414459	
-0.398407	
-0.418335	
-0.418976	
-0.410522	
-0.410919	
-0.402496	
-0.416473	
-0.420044	
-0.415985	
-0.414337	
-0.414978	
-0.419556	
-0.422729	
-0.421844	
-0.41861	
-0.430511	
-0.430054	
-0.415863	
-0.430237	
-0.410492	
-0.418701	
-0.432312	
-0.429047	
-0.429901	
-0.434326	
-0.42334	
-0.414459	
-0.415161	
-0.424408	
-0.432159	
-0.424133	
-0.421204	
-0.432739	
-0.412231	
-0.402618	
-0.420654	
-0.427155	
-0.424377	
-0.411133	
-0.417938	
-0.417542	
-0.431122	
-0.420013	
-0.422668	
-0.422913	
-0.417664	
-0.426117	
-0.415009	
-0.416687	
-0.440948	
-0.442291	
-0.424744	
-0.415771	
-0.434143	
-0.410431	
-0.419373	
-0.436188	
-0.433716	
-0.420929	
-0.421448	
-0.415985	
-0.409943	
-0.426208	
-0.421448	
-0.404419	
-0.411316	
-0.413391	
-0.416443	
-0.423401	
-0.425049	
-0.41153	
-0.417908	
-0.424744	
-0.409302	
-0.421326	
-0.419128	
-0.423676	
-0.415802	
-0.412445	
-0.410431	
-0.421692	
-0.415466	
-0.415436	
-0.433838	
-0.426422	
-0.424469	
-0.42395	
-0.418182	
-0.410461	
-0.410736	
-0.422668	
-0.430573	
-0.423767	
-0.406677	
-0.407684	
-0.427521	
-0.411011	
-0.415161	
-0.417267	
-0.417694	
-0.412994	
-0.405945	
-0.41745	
-0.428986	
-0.420471	
-0.398529	
-0.402435	
-0.410339	
-0.4151	
-0.424194	
-0.410736	
-0.405579	
-0.419067	
-0.425964	
-0.417419	
-0.41394	
-0.42215	
-0.409821	
-0.413727	
-0.425171	
-0.420227	
-0.431274	
-0.428528	
-0.419342	
-0.399231	
-0.40976	
-0.425537	
-0.425659	
-0.428619	
-0.420319	
-0.417267	
-0.41803	
-0.407288	
-0.411652	
-0.421814	
-0.424713	
-0.412781	
-0.42215	
-0.418732	
-0.414124	
-0.40979	
-0.416504	
-0.422943	
-0.413452	
-0.428589	
-0.42691	
-0.412048	
-0.403534	
-0.418701	
-0.416565	
-0.431976	
-0.43576	
-0.413574	
-0.411469	
-0.421936	
-0.402618	
-0.419861	
-0.423523	
-0.420074	
-0.416382	
-0.424591	
-0.404541	
-0.417725	
-0.421631	
-0.4086	
-0.416565	
-0.418518	
-0.409332	
-0.408234	
-0.415283	
-0.414551	
-0.424896	
-0.423584	
-0.414124	
-0.417694	
-0.418427	
-0.412903	
-0.427734	
-0.411835	
-0.412567	
-0.417389	
-0.41922	
-0.410736	
-0.410736	
-0.404755	
-0.423401	
-0.436371	
-0.417023	
-0.412292	
-0.407593	
-0.403015	
-0.418701	
-0.420685	
-0.42218	
-0.4133	
-0.423798	
-0.407623	
-0.40683	
-0.417297	
-0.407288	
-0.417603	
-0.416779	
-0.415405	
-0.4133	
-0.417969	
-0.410889	
-0.398407	
-0.412262	
-0.41571	
-0.423279	
-0.417114	
-0.409363	
-0.415009	
-0.410431	
-0.418304	
-0.42392	
-0.423676	
-0.40979	
-0.416016	
-0.422485	
-0.417877	
-0.41861	
-0.413513	
-0.415741	
-0.421997	
-0.421509	
-0.428955	
-0.427704	
-0.430084	
-0.422058	
-0.425476	
-0.420044	
-0.427795	
-0.422699	
-0.417328	
-0.421204	
-0.430206	
-0.426086	
-0.430359	
-0.431488	
-0.427734	
-0.424957	
-0.415161	
-0.411987	
-0.436584	
-0.434937	
-0.424896	
-0.428467	
-0.42276	
-0.415924	
-0.416992	
-0.430023	
-0.416962	
-0.421387	
-0.423431	
-0.417023	
-0.41803	
-0.436554	
-0.43219	
-0.407654	
-0.410706	
-0.424774	
-0.418365	
-0.42514	
-0.425903	
-0.429565	
-0.414215	
-0.417725	
-0.418488	
-0.417145	
-0.419739	
-0.421722	
-0.437195	
-0.427094	
-0.412354	
-0.416718	
-0.412506	
-0.428131	
-0.437103	
-0.438568	
-0.408447	
-0.4198	
-0.435181	
-0.421143	
-0.421448	
-0.421814	
-0.422424	
-0.42157	
-0.431305	
-0.430817	
-0.421082	
-0.42691	
-0.423431	
-0.418213	
-0.412323	
-0.42923	
-0.434082	
-0.415619	
-0.422821	
-0.425079	
-0.427277	
-0.413513	
-0.413666	
-0.430298	
-0.430054	
-0.444275	
-0.430756	
-0.414886	
-0.421936	
-0.430115	
-0.42276	
-0.424164	
-0.435791	
-0.42749	
-0.433716	
-0.432251	
-0.422241	
-0.430267	
-0.429657	
-0.420258	
-0.41864	
-0.42691	
-0.437134	
-0.429382	
-0.436737	
-0.429077	
-0.43573	
-0.416443	
-0.421875	
-0.430084	
-0.425293	
-0.437683	
-0.438477	
-0.424011	
-0.421326	
-0.433319	
-0.427917	
-0.428436	
-0.435028	
-0.42627	
-0.415924	
-0.422272	
-0.428528	
-0.429199	
-0.414734	
-0.424896	
-0.427948	
-0.430664	
-0.422607	
-0.428619	
-0.422363	
-0.433472	
-0.429962	
-0.413574	
-0.425476	
-0.419586	
-0.422333	
-0.421631	
-0.425812	
-0.428925	
-0.417938	
-0.407349	
-0.417969	
-0.434113	
-0.431854	
-0.430603	
-0.430817	
-0.410004	
-0.418091	
-0.425507	
-0.429016	
-0.417786	
-0.41684	
-0.426208	
-0.424957	
-0.426758	
-0.424896	
-0.423706	
-0.419647	
-0.425568	
-0.428101	
-0.411957	
-0.425934	
-0.432404	
-0.429749	
-0.429169	
-0.431641	
-0.429077	
-0.412933	
-0.423431	
-0.434296	
-0.43866	
-0.425995	
-0.426514	
-0.431213	
-0.425507	
-0.433838	
-0.428925	
-0.416443	
-0.424957	
-0.425446	
-0.441589	
-0.442566	
-0.428314	
-0.412476	
-0.433075	
-0.439667	
-0.420166	
-0.425598	
-0.439301	
-0.435883	
-0.433197	
-0.432648	
-0.425018	
-0.414612	
-0.422821	
-0.429688	
-0.43866	
-0.431061	
-0.429169	
-0.436188	
-0.420715	
-0.421387	
-0.430328	
-0.442505	
-0.43396	
-0.421906	
-0.414795	
-0.4263	
-0.43396	
-0.40863	
-0.417908	
-0.432922	
-0.435181	
-0.421204	
-0.41626	
-0.433624	
-0.443085	
-0.434265	
-0.417084	
-0.417084	
-0.424103	
-0.42868	
-0.426941	
-0.425842	
-0.439484	
-0.432434	
-0.427002	
-0.427917	
-0.426971	
-0.423492	
-0.408356	
-0.420074	
-0.42511	
-0.441101	
-0.436249	
-0.42215	
-0.420746	
-0.419861	
-0.422058	
-0.419525	
-0.440186	
-0.434265	
-0.423981	
-0.425446	
-0.422974	
-0.424805	
-0.419769	
-0.42337	
-0.434814	
-0.426727	
-0.430725	
-0.423187	
-0.422607	
-0.423065	
-0.431885	
-0.425354	
-0.418365	
-0.446014	
-0.436218	
-0.41275	
-0.421326	
-0.428619	
-0.424988	
-0.431641	
-0.431366	
-0.421143	
-0.439209	
-0.424652	
-0.404694	
-0.426575	
-0.435638	
-0.425537	
-0.429413	
-0.423889	
-0.424927	
-0.437866	
-0.430389	
-0.418243	
-0.430267	
-0.424683	
-0.423737	
-0.428345	
-0.428711	
-0.427979	
-0.422302	
-0.419861	
-0.414703	
-0.422546	
-0.42514	
-0.428589	
-0.434387	
-0.427002	
-0.424255	
-0.428986	
-0.425598	
-0.409851	
-0.416199	
-0.423157	
-0.435913	
-0.440155	
-0.428101	
-0.42691	
-0.418213	
-0.421844	
-0.422913	
-0.432983	
-0.42749	
-0.426941	
-0.426086	
-0.429535	
-0.422913	
-0.418762	
-0.418213	
-0.431732	
-0.434937	
-0.43158	
-0.424744	
-0.433319	
-0.425964	
-0.417725	
-0.415558	
-0.425079	
-0.430481	
-0.418579	
-0.429749	
-0.428864	
-0.424652	
-0.422485	
-0.418152	
-0.413666	
-0.423828	
-0.418671	
-0.415344	
-0.4263	
-0.429779	
-0.4133	
-0.414917	
-0.411743	
-0.418549	
-0.429016	
-0.425385	
-0.4216	
-0.413574	
-0.41507	
-0.41272	
-0.423615	
-0.412109	
-0.412842	
-0.419617	
-0.404358	
-0.422302	
-0.422363	
-0.41394	
-0.420319	
-0.422882	
-0.4104	
-0.404663	
-0.429871	
-0.429199	
-0.425476	
-0.427216	
-0.414703	
-0.420959	
-0.423096	
-0.418823	
-0.411591	
-0.420441	
-0.430176	
-0.420959	
-0.424652	
-0.42334	
-0.427521	
-0.418488	
-0.420624	
-0.422119	
-0.415649	
-0.427917	
-0.432068	
-0.427612	
-0.421173	
-0.42218	
-0.424652	
-0.419434	
-0.421722	
-0.423126	
-0.43689	
-0.425232	
-0.416351	
-0.412567	
-0.414459	
-0.430542	
-0.433441	
-0.416321	
-0.416931	
-0.421356	
-0.421326	
-0.41507	
-0.428802	
-0.418793	
-0.418152	
-0.417999	
-0.420959	
-0.422882	
-0.42514	
-0.422668	
-0.419678	
-0.417297	
-0.401825	
-0.417267	
-0.427277	
-0.431091	
-0.429962	
-0.421631	
-0.411804	
-0.417328	
-0.414185	
-0.413269	
-0.416595	
-0.422241	
-0.412445	
-0.424011	
-0.420166	
-0.414581	
-0.41449	
-0.420288	
-0.413086	
-0.414032	
-0.425171	
-0.414581	
-0.420929	
-0.419647	
-0.416168	
-0.427582	
-0.411835	
-0.401917	
-0.422119	
-0.422028	
-0.406158	
-0.41626	
-0.420013	
-0.402435	
-0.417847	
-0.412048	
-0.406067	
-0.423004	
-0.418427	
-0.410339	
-0.41925	
-0.42865	
-0.416962	
-0.416016	
-0.414124	
-0.414185	
-0.422882	
-0.413788	
-0.423828	
-0.417938	
-0.415588	
-0.427917	
-0.417725	
-0.408264	
-0.415039	
-0.42099	
-0.418182	
-0.427155	
-0.423218	
-0.411224	
-0.428284	
-0.422974	
-0.421051	
-0.4245	
-0.422577	
-0.423431	
-0.42099	
-0.410461	
-0.415161	
-0.422119	
-0.424591	
-0.432648	
-0.424072	
-0.404266	
-0.422455	
-0.424652	
-0.424744	
-0.420715	
-0.417206	
-0.425385	
-0.4216	
-0.417969	
-0.423309	
-0.422974	
-0.422302	
-0.420258	
-0.40979	
-0.400696	
-0.427307	
-0.438721	
-0.41748	
-0.419128	
-0.424927	
-0.409485	
-0.396515	
-0.418121	
-0.415833	
-0.421356	
-0.419861	
-0.418335	
-0.412079	
-0.420288	
-0.431366	
-0.421509	
-0.412476	
-0.40271	
-0.404968	
-0.42627	
-0.423309	
-0.408691	
-0.404175	
-0.418701	
-0.416748	
-0.413239	
-0.4133	
-0.412506	
-0.418274	
-0.410248	
-0.413452	
-0.420197	
-0.410919	
-0.398224	
-0.415375	
-0.426086	
-0.407684	
-0.420532	
-0.413727	
-0.408234	
-0.405457	
-0.395966	
-0.426392	
-0.431549	
-0.415253	
-0.414063	
-0.423309	
-0.418976	
-0.408966	
-0.41571	
-0.416656	
-0.417389	
-0.416687	
-0.405334	
-0.427826	
-0.427734	
-0.413177	
-0.397247	
-0.413422	
-0.424957	
-0.430511	
-0.408386	
-0.39563	
-0.427887	
-0.434174	
-0.416718	
-0.417938	
-0.429535	
-0.416595	
-0.397095	
-0.413055	
-0.422638	
-0.425232	
-0.435333	
-0.422485	
-0.409882	
-0.397766	
-0.412079	
-0.416168	
-0.426178	
-0.421448	
-0.423889	
-0.417267	
-0.413818	
-0.416718	
-0.425507	
-0.413666	
-0.412628	
-0.420502	
-0.420746	
-0.409668	
-0.420105	
-0.414124	
-0.422028	
-0.413849	
-0.417206	
-0.432983	
-0.419525	
-0.405212	
-0.409363	
-0.418365	
-0.421539	
-0.4328	
-0.423218	
-0.415436	
-0.421722	
-0.409546	
-0.399475	
-0.417389	
-0.422394	
-0.417175	
-0.418121	
-0.416199	
-0.411591	
-0.425842	
-0.40509	
-0.413788	
-0.427612	
-0.413391	
-0.408844	
-0.416382	
-0.416687	
-0.424683	
-0.424835	
-0.415649	
-0.414154	
-0.422607	
-0.420807	
-0.429565	
-0.414886	
-0.411774	
-0.420074	
-0.422882	
-0.418243	
-0.413635	
-0.406189	
-0.416595	
-0.435913	
-0.428101	
-0.415802	
-0.419342	
-0.403381	
-0.4039	
-0.417114	
-0.421112	
-0.426636	
-0.417816	
-0.417725	
-0.419159	
-0.419769	
-0.404236	
-0.411163	
-0.421051	
-0.412537	
-0.417419	
-0.423584	
-0.412964	
-0.416382	
-0.409058	
-0.414032	
-0.422577	
-0.433472	
-0.415985	
-0.413574	
-0.412506	
-0.425354	
-0.425446	
-0.42099	
-0.417084	
-0.426697	
-0.421448	
-0.415985	
-0.431305	
-0.431061	
-0.407013	
-0.415985	
-0.420135	
-0.423401	
-0.430725	
-0.421112	
-0.424469	
-0.428314	
-0.427673	
-0.422668	
-0.432159	
-0.412842	
-0.41684	
-0.418579	
-0.423737	
-0.423553	
-0.431366	
-0.43219	
-0.428009	
-0.422699	
-0.420044	
-0.414795	
-0.427582	
-0.420807	
-0.436371	
-0.423035	
-0.414093	
-0.418335	
-0.429565	
-0.424164	
-0.411682	
-0.419678	
-0.415436	
-0.41452	
-0.42746	
-0.428589	
-0.414063	
-0.417664	
-0.419983	
-0.409637	
-0.418274	
-0.422638	
-0.417572	
-0.426422	
-0.422485	
-0.42276	
-0.410767	
-0.414154	
-0.416809	
-0.429932	
-0.434906	
-0.421722	
-0.419128	
-0.409088	
-0.406464	
-0.437225	
-0.430542	
-0.416931	
-0.415375	
-0.432709	
-0.424194	
-0.428314	
-0.422211	
-0.424835	
-0.421082	
-0.427277	
-0.42569	
-0.421143	
-0.422241	
-0.427582	
-0.406952	
-0.412048	
-0.423889	
-0.426575	
-0.415527	
-0.416962	
-0.42392	
-0.432373	
-0.426788	
-0.41452	
-0.419891	
-0.434601	
-0.43634	
-0.421906	
-0.421692	
-0.430206	
-0.435333	
-0.418671	
-0.420959	
-0.427185	
-0.427582	
-0.420013	
-0.43277	
-0.424591	
-0.43689	
-0.435516	
-0.431488	
-0.423004	
-0.427856	
-0.419434	
-0.427338	
-0.433228	
-0.431274	
-0.433289	
-0.432922	
-0.421082	
-0.433746	
-0.428619	
-0.428772	
-0.436829	
-0.426361	
-0.418549	
-0.424591	
-0.433807	
-0.428314	
-0.437805	
-0.436493	
-0.42395	
-0.416504	
-0.43512	
-0.433014	
-0.416748	
-0.42514	
-0.433685	
-0.42572	
-0.429077	
-0.416595	
-0.4245	
-0.428589	
-0.431763	
-0.420105	
-0.416107	
-0.422821	
-0.427429	
-0.425842	
-0.419556	
-0.432495	
-0.432251	
-0.408936	
-0.415527	
-0.423279	
-0.427917	
-0.426788	
-0.434082	
-0.420258	
-0.411743	
-0.424347	
-0.422913	
-0.424133	
-0.41864	
-0.429108	
-0.422119	
-0.426056	
-0.42868	
-0.421967	
-0.42215	
-0.430023	
-0.43045	
-0.412964	
-0.408936	
-0.432251	
-0.432068	
-0.433655	
-0.435242	
-0.436066	
-0.417816	
-0.414764	
-0.431091	
-0.439301	
-0.427063	
-0.425446	
-0.422089	
-0.424133	
-0.432434	
-0.443756	
-0.431335	
-0.42337	
-0.417725	
-0.42868	
-0.437317	
-0.431702	
-0.418182	
-0.430664	
-0.433289	
-0.421234	
-0.421906	
-0.436981	
-0.43103	
-0.434814	
-0.433929	
-0.419067	
-0.430267	
-0.4245	
-0.425629	
-0.434875	
-0.436768	
-0.430969	
-0.441223	
-0.429779	
-0.421661	
-0.416687	
-0.424011	
-0.427124	
-0.428741	
-0.416351	
-0.426758	
-0.435822	
-0.421722	
-0.419464	
-0.429291	
-0.428619	
-0.425262	
-0.413483	
-0.424072	
-0.445435	
-0.44632	
-0.425629	
-0.410095	
-0.424988	
-0.428284	
-0.428833	
-0.421173	
-0.423462	
-0.42865	
-0.430847	
-0.429443	
-0.432922	
-0.429871	
-0.415497	
-0.409637	
-0.42749	
-0.431122	
-0.44278	
-0.429596	
-0.434692	
-0.42038	
-0.414886	
-0.420929	
-0.42688	
-0.434784	
-0.429108	
-0.429596	
-0.432373	
-0.420258	
-0.422791	
-0.424683	
-0.429962	
-0.421356	
-0.426971	
-0.435272	
-0.422302	
-0.418427	
-0.432495	
-0.43045	
-0.413971	
-0.436218	
-0.442932	
-0.4198	
-0.421997	
-0.42511	
-0.42218	
-0.427826	
-0.429169	
-0.42926	
-0.439453	
-0.431793	
-0.408691	
-0.418304	
-0.426178	
-0.433868	
-0.431519	
-0.425415	
-0.423462	
-0.439148	
-0.428009	
-0.413452	
-0.427338	
-0.434753	
-0.418884	
-0.426788	
-0.426849	
-0.425842	
-0.433167	
-0.430267	
-0.415527	
-0.427216	
-0.420197	
-0.427277	
-0.43576	
-0.424286	
-0.423798	
-0.433929	
-0.427704	
-0.4216	
-0.426819	
-0.417816	
-0.426056	
-0.440796	
-0.435028	
-0.428864	
-0.427704	
-0.41391	
-0.42218	
-0.428497	
-0.437012	
-0.425262	
-0.43689	
-0.429749	
-0.42511	
-0.425873	
-0.424194	
-0.425507	
-0.431458	
-0.430908	
-0.435913	
-0.42865	
-0.431305	
-0.423004	
-0.42215	
-0.425629	
-0.430511	
-0.429108	
-0.421692	
-0.429993	
-0.421997	
-0.427917	
-0.422272	
-0.427734	
-0.427277	
-0.413422	
-0.414703	
-0.428741	
-0.432404	
-0.4198	
-0.412231	
-0.412109	
-0.412292	
-0.424683	
-0.419067	
-0.424805	
-0.430267	
-0.41806	
-0.420258	
-0.42511	
-0.425446	
-0.419067	
-0.412476	
-0.412537	
-0.423645	
-0.422791	
-0.412689	
-0.427063	
-0.434662	
-0.416626	
-0.409607	
-0.416382	
-0.417725	
-0.424225	
-0.437408	
-0.422058	
-0.419464	
-0.423309	
-0.425446	
-0.41684	
-0.420258	
-0.430756	
-0.419006	
-0.415436	
-0.434113	
-0.433899	
-0.419891	
-0.420166	
-0.424072	
-0.413788	
-0.419952	
-0.427887	
-0.429047	
-0.42749	
-0.430084	
-0.4263	
-0.422852	
-0.415497	
-0.414948	
-0.430939	
-0.436615	
-0.426056	
-0.421143	
-0.405518	
-0.412933	
-0.42749	
-0.42691	
-0.417633	
-0.42691	
-0.421173	
-0.419922	
-0.429901	
-0.419464	
-0.417023	
-0.417358	
-0.4263	
-0.422424	
-0.421936	
-0.427277	
-0.428558	
-0.413269	
-0.413574	
-0.415802	
-0.420197	
-0.417084	
-0.423553	
-0.420441	
-0.430298	
-0.426453	
-0.4104	
-0.413727	
-0.416718	
-0.417633	
-0.411957	
-0.409607	
-0.42746	
-0.421509	
-0.419495	
-0.421814	
-0.417572	
-0.418732	
-0.412628	
-0.412811	
-0.410919	
-0.429169	
-0.420837	
-0.424469	
-0.413635	
-0.409668	
-0.413147	
-0.41391	
-0.405212	
-0.415405	
-0.421722	
-0.414459	
-0.416901	
-0.420685	
-0.406342	
-0.419403	
-0.415619	
-0.40509	
-0.411469	
-0.415649	
-0.422333	
-0.420929	
-0.422668	
-0.425812	
-0.420807	
-0.406464	
-0.425079	
-0.423004	
-0.410065	
-0.428619	
-0.430969	
-0.412567	
-0.421448	
-0.41803	
-0.40979	
-0.42041	
-0.420746	
-0.413666	
-0.429474	
-0.421051	
-0.41507	
-0.418152	
-0.415863	
-0.43512	
-0.429657	
-0.413177	
-0.415405	
-0.417511	
-0.418213	
-0.421997	
-0.428314	
-0.424438	
-0.423401	
-0.423157	
-0.424927	
-0.416565	
-0.420197	
-0.417145	
-0.418243	
-0.41803	
-0.418365	
-0.421967	
-0.425049	
-0.427246	
-0.424255	
-0.403198	
-0.420197	
-0.427704	
-0.408142	
-0.416779	
-0.428345	
-0.423187	
-0.407196	
-0.41626	
-0.416077	
-0.422607	
-0.426544	
-0.419525	
-0.409485	
-0.405304	
-0.422333	
-0.429932	
-0.421478	
-0.403198	
-0.402191	
-0.422607	
-0.433197	
-0.422211	
-0.398224	
-0.413452	
-0.424072	
-0.408844	
-0.407928	
-0.41153	
-0.428375	
-0.422089	
-0.417175	
-0.42807	
-0.417572	
-0.401917	
-0.406067	
-0.416748	
-0.422089	
-0.425385	
-0.420441	
-0.412506	
-0.411377	
-0.411621	
-0.412811	
-0.418823	
-0.422852	
-0.418945	
-0.420776	
-0.412506	
-0.409515	
-0.418976	
-0.420593	
-0.416809	
-0.409363	
-0.403687	
-0.41983	
-0.431976	
-0.42157	
-0.412689	
-0.414948	
-0.421478	
-0.415436	
-0.418976	
-0.409454	
-0.417786	
-0.416595	
-0.417969	
-0.417664	
-0.436981	
-0.420502	
-0.401733	
-0.409027	
-0.421692	
-0.422638	
-0.421143	
-0.429047	
-0.42691	
-0.406647	
-0.408112	
-0.412811	
-0.421326	
-0.420227	
-0.415558	
-0.428253	
-0.410461	
-0.417053	
-0.422882	
-0.416931	
-0.412933	
-0.423126	
-0.421021	
-0.411957	
-0.416168	
-0.414154	
-0.420166	
-0.420013	
-0.413757	
-0.425903	
-0.425964	
-0.420593	
-0.408112	
-0.412262	
-0.407166	
-0.422882	
-0.42691	
-0.415924	
-0.434845	
-0.421875	
-0.395081	
-0.41156	
-0.420959	
-0.423126	
-0.420227	
-0.421753	
-0.408844	
-0.424316	
-0.417328	
-0.40274	
-0.422485	
-0.420441	
-0.41153	
-0.41922	
-0.423615	
-0.416992	
-0.419983	
-0.410828	
-0.406708	
-0.425873	
-0.419678	
-0.420746	
-0.431335	
-0.414978	
-0.415314	
-0.423523	
-0.422119	
-0.414124	
-0.417145	
-0.407959	
-0.421814	
-0.426941	
-0.433624	
-0.421387	
-0.414856	
-0.410675	
-0.415009	
-0.416199	
-0.422058	
-0.417786	
-0.424835	
-0.423737	
-0.41745	
-0.406311	
-0.416718	
-0.422607	
-0.411865	
-0.416016	
-0.424469	
-0.422394	
-0.417572	
-0.416321	
-0.414307	
-0.416351	
-0.43158	
-0.421967	
-0.414703	
-0.418701	
-0.421936	
-0.433014	
-0.416382	
-0.42511	
-0.422546	
-0.419067	
-0.411499	
-0.441559	
-0.43869	
-0.422119	
-0.414948	
-0.41394	
-0.420593	
-0.429382	
-0.413086	
-0.426514	
-0.424133	
-0.423492	
-0.423187	
-0.435822	
-0.434998	
-0.425873	
-0.418152	
-0.407776	
-0.423004	
-0.426575	
-0.429474	
-0.431793	
-0.432343	
-0.425842	
-0.425598	
-0.419189	
-0.415375	
-0.4216	
-0.430298	
-0.417633	
-0.426117	
-0.426483	
-0.423309	
-0.417175	
-0.430115	
-0.417389	
-0.414001	
-0.425049	
-0.430786	
-0.422089	
-0.424561	
-0.417633	
-0.413208	
-0.414032	
-0.423767	
-0.412872	
-0.425568	
-0.430481	
-0.42981	
-0.428802	
-0.421143	
-0.402771	
-0.415161	
-0.429138	
-0.434082	
-0.425995	
-0.419098	
-0.414246	
-0.428284	
-0.422028	
-0.417206	
-0.425781	
-0.421967	
-0.424744	
-0.419952	
-0.424896	
-0.42395	
-0.424438	
-0.415619	
-0.43396	
-0.42453	
-0.418518	
-0.425598	
-0.425354	
-0.408661	
-0.422577	
-0.424713	
-0.414825	
-0.415405	
-0.435333	
-0.427551	
-0.432098	
-0.423828	
-0.426178	
-0.426666	
-0.421021	
-0.41925	
-0.4198	
-0.428589	
-0.429413	
-0.426514	
-0.423889	
-0.432587	
-0.436066	
-0.420074	
-0.422333	
-0.417816	
-0.4216	
-0.436859	
-0.437134	
-0.446564	
-0.427246	
-0.425446	
-0.425323	
-0.431061	
	
